3.014999926090240479e-01
3.045150041580200195e-01
3.075601458549499512e-01
3.106357455253601074e-01
3.137421011924743652e-01
3.168795406818389893e-01
3.200483322143554688e-01
3.232488036155700684e-01
3.264812827110290527e-01
3.297460973262786865e-01
3.330435752868652344e-01
3.363740146160125732e-01
3.397377431392669678e-01
3.431351184844970703e-01
3.465664684772491455e-01
3.500321507453918457e-01
3.535324633121490479e-01
3.570677936077117920e-01
3.606384694576263428e-01
3.642448484897613525e-01
3.678872883319854736e-01
3.715661764144897461e-01
3.752818405628204346e-01
3.790346384048461914e-01
3.828249871730804443e-01
3.866532444953918457e-01
3.905197679996490479e-01
3.944249749183654785e-01
3.983692228794097900e-01
4.023529291152954102e-01
4.063764512538909912e-01
4.104402065277099609e-01
4.145446121692657471e-01
4.186900556087493896e-01
4.228769540786743164e-01
4.271057248115539551e-01
4.313767850399017334e-01
4.356905519962310791e-01
4.400474727153778076e-01
4.444479346275329590e-01
4.488924145698547363e-01
4.533813297748565674e-01
4.579151570796966553e-01
4.624943137168884277e-01
4.671192467212677002e-01
4.717904329299926758e-01
4.765083491802215576e-01
4.812734425067901611e-01
4.860861599445343018e-01
4.909470379352569580e-01
4.958564937114715576e-01
5.008150339126586914e-01
5.058231949806213379e-01
5.108814239501953125e-01
5.159902572631835938e-01
5.211501717567443848e-01
5.263616442680358887e-01
5.316252708435058594e-01
5.369415283203125000e-01
5.423109531402587891e-01
5.477340817451477051e-01
5.532113909721374512e-01
5.587435364723205566e-01
5.643309354782104492e-01
5.699742436408996582e-01
5.756739974021911621e-01
5.814307332038879395e-01
5.872450470924377441e-01
5.931174755096435547e-01
5.990486741065979004e-01
6.050391793251037598e-01
6.110895276069641113e-01
6.172004342079162598e-01
6.233724355697631836e-01
6.296061873435974121e-01
6.359022259712219238e-01
6.422612667083740234e-01
6.486838459968566895e-01
6.551706790924072266e-01
6.617224216461181641e-01
6.683396100997924805e-01
6.750230193138122559e-01
6.817732453346252441e-01
6.885910034179687500e-01
6.954768896102905273e-01
7.024316787719726562e-01
7.094559669494628906e-01
7.165505290031433105e-01
7.237160801887512207e-01
7.309532165527343750e-01
7.382627725601196289e-01
7.456454038619995117e-01
7.531018257141113281e-01
7.606328725814819336e-01
7.682392001152038574e-01
7.759215831756591797e-01
7.836807966232299805e-01
7.915176153182983398e-01
7.994327545166015625e-01
8.074271082878112793e-01
8.155013918876647949e-01
8.236563801765441895e-01
8.318929672241210938e-01
8.402118682861328125e-01
8.486139774322509766e-01
8.571001291275024414e-01
8.656711578369140625e-01
8.743278384208679199e-01
8.830711245536804199e-01
8.919018507003784180e-01
9.008208513259887695e-01
9.098290801048278809e-01
9.189273715019226074e-01
9.281166195869445801e-01
9.373977780342102051e-01
9.467718005180358887e-01
9.562394618988037109e-01
9.658018946647644043e-01
9.754599332809448242e-01
9.852145314216613770e-01
9.950666427612304688e-01
1.005017280578613281e+00
1.015067458152770996e+00
1.025218129158020020e+00
1.035470366477966309e+00
1.045825004577636719e+00
1.056283354759216309e+00
1.066846132278442383e+00
1.077514648437500000e+00
1.088289737701416016e+00
1.099172592163085938e+00
1.110164403915405273e+00
1.121266007423400879e+00
1.132478713989257812e+00
1.143803477287292480e+00
1.155241489410400391e+00
1.166793942451477051e+00
1.178461790084838867e+00
1.190246462821960449e+00
1.202148914337158203e+00
1.214170455932617188e+00
1.226312160491943359e+00
1.238575220108032227e+00
1.250960946083068848e+00
1.263470649719238281e+00
1.276105284690856934e+00
1.288866400718688965e+00
1.301755070686340332e+00
1.314772605895996094e+00
1.327920317649841309e+00
1.341199517250061035e+00
1.354611515998840332e+00
1.368157625198364258e+00
1.381839156150817871e+00
1.395657539367675781e+00
1.409614205360412598e+00
1.423710346221923828e+00
1.437947392463684082e+00
1.452326893806457520e+00
1.466850161552429199e+00
1.481518626213073730e+00
1.496333837509155273e+00
1.511297225952148438e+00
1.526410102844238281e+00
1.541674256324768066e+00
1.557090997695922852e+00
1.572661876678466797e+00
1.588388562202453613e+00
1.604272365570068359e+00
1.620315074920654297e+00
1.636518239974975586e+00
1.652883410453796387e+00
1.669412255287170410e+00
1.686106443405151367e+00
1.702967524528503418e+00
1.719997167587280273e+00
1.737197160720825195e+00
1.754569053649902344e+00
1.772114753723144531e+00
1.789835929870605469e+00
1.807734251022338867e+00
1.825811624526977539e+00
1.844069719314575195e+00
1.862510442733764648e+00
1.881135582923889160e+00
1.899946928024291992e+00
1.918946385383605957e+00
1.938135862350463867e+00
1.957517147064208984e+00
1.977092385292053223e+00
1.996863245964050293e+00
2.016831874847412109e+00
2.037000179290771484e+00
2.057370185852050781e+00
2.077944040298461914e+00
2.098723411560058594e+00
2.119710683822631836e+00
2.140907764434814453e+00
2.162316799163818359e+00
2.183939933776855469e+00
2.205779314041137695e+00
2.227837085723876953e+00
2.250115633010864258e+00
2.272616624832153320e+00
2.295342922210693359e+00
2.318296194076538086e+00
2.341479301452636719e+00
2.364894151687622070e+00
2.388542890548706055e+00
2.412428379058837891e+00
2.436552762985229492e+00
2.460918188095092773e+00
2.485527515411376953e+00
2.510382652282714844e+00
2.535486459732055664e+00
2.560841321945190430e+00
2.586449861526489258e+00
2.612314224243164062e+00
2.638437509536743164e+00
2.664821863174438477e+00
2.691470146179199219e+00
2.718384742736816406e+00
2.745568513870239258e+00
2.773024320602416992e+00
2.800754547119140625e+00
2.828762054443359375e+00
2.857049703598022461e+00
2.885620117187500000e+00
2.914476394653320312e+00
2.943621158599853516e+00
2.973057270050048828e+00
3.002787828445434570e+00
3.032815694808959961e+00
3.063143968582153320e+00
3.093775510787963867e+00
3.124713182449340820e+00
3.155960321426391602e+00
3.187519788742065430e+00
3.219395160675048828e+00
3.251589059829711914e+00
3.284104824066162109e+00
3.316946029663085938e+00
3.350115537643432617e+00
3.383616685867309570e+00
3.417452812194824219e+00
3.451627254486083984e+00
3.486143589019775391e+00
3.521004915237426758e+00
3.556215047836303711e+00
3.591777086257934570e+00
3.627694845199584961e+00
3.663971900939941406e+00
3.700611591339111328e+00
3.737617731094360352e+00
3.774993896484375000e+00
3.812743902206420898e+00
3.850871324539184570e+00
3.889379978179931641e+00
3.928273916244506836e+00
3.967556476593017578e+00
4.007232189178466797e+00
4.047304630279541016e+00
4.087777614593505859e+00
4.128655433654785156e+00
4.169941902160644531e+00
4.211641311645507812e+00
4.253757476806640625e+00
4.296295166015625000e+00
4.339258193969726562e+00
4.382650852203369141e+00
4.426477432250976562e+00
4.470742225646972656e+00
4.515449523925781250e+00
4.560604095458984375e+00
4.606209754943847656e+00
4.652272224426269531e+00
4.698794841766357422e+00
4.745782852172851562e+00
4.793240547180175781e+00
4.841173171997070312e+00
4.889584541320800781e+00
4.938480377197265625e+00
4.987865447998046875e+00
5.037744045257568359e+00
5.088121414184570312e+00
5.139002799987792969e+00
5.190392494201660156e+00
5.242296695709228516e+00
5.294719696044921875e+00
5.347666740417480469e+00
5.401143550872802734e+00
5.455154895782470703e+00
5.509706497192382812e+00
5.564803600311279297e+00
5.620451450347900391e+00
5.676656246185302734e+00
5.733422756195068359e+00
5.790756702423095703e+00
5.848664283752441406e+00
5.907151222229003906e+00
5.966222763061523438e+00
6.025884628295898438e+00
6.086143493652343750e+00
6.147005081176757812e+00
6.208475112915039062e+00
6.270559787750244141e+00
6.333265304565429688e+00
6.396598339080810547e+00
6.460564136505126953e+00
6.525169849395751953e+00
6.590421676635742188e+00
6.656325817108154297e+00
6.722888946533203125e+00
6.790117740631103516e+00
6.858018875122070312e+00
6.926599025726318359e+00
6.995865345001220703e+00
7.065824031829833984e+00
7.136482238769531250e+00
7.207847118377685547e+00
7.279925346374511719e+00
7.352724552154541016e+00
7.426251888275146484e+00
7.500514507293701172e+00
7.575519561767578125e+00
7.651274681091308594e+00
7.727787494659423828e+00
7.805065155029296875e+00
7.883115768432617188e+00
7.961946964263916016e+00
8.041566848754882812e+00
8.121982574462890625e+00
8.203202247619628906e+00
8.285234451293945312e+00
8.368086814880371094e+00
8.451766967773437500e+00
8.536285400390625000e+00
8.621647834777832031e+00
8.707864761352539062e+00
8.794942855834960938e+00
8.882892608642578125e+00
8.971721649169921875e+00
9.061438560485839844e+00
9.152052879333496094e+00
9.243573188781738281e+00
9.336009025573730469e+00
9.429368972778320312e+00
9.523662567138671875e+00
9.618899345397949219e+00
9.715088844299316406e+00
9.812239646911621094e+00
9.910362243652343750e+00
1.000946521759033203e+01
1.010956001281738281e+01
1.021065616607666016e+01
1.031276226043701172e+01
1.041588973999023438e+01
1.052004909515380859e+01
1.062524890899658203e+01
1.073150157928466797e+01
1.083881664276123047e+01
1.094720458984375000e+01
1.105667686462402344e+01
1.116724395751953125e+01
1.127891635894775391e+01
1.139170551300048828e+01
1.150562286376953125e+01
1.162067890167236328e+01
1.173688507080078125e+01
1.185425472259521484e+01
1.197279739379882812e+01
1.209252452850341797e+01
1.221345043182373047e+01
1.233558464050292969e+01
1.245894050598144531e+01
1.258352947235107422e+01
1.270936489105224609e+01
1.283645915985107422e+01
1.296482372283935547e+01
1.309447193145751953e+01
1.322541618347167969e+01
1.335767078399658203e+01
1.349124717712402344e+01
1.362615966796875000e+01
1.376242160797119141e+01
1.390004539489746094e+01
1.403904628753662109e+01
1.417943668365478516e+01
1.432123088836669922e+01
1.446444320678710938e+01
1.460908794403076172e+01
1.475517845153808594e+01
1.490272998809814453e+01
1.505175781250000000e+01
1.520227527618408203e+01
1.535429763793945312e+01
1.550784111022949219e+01
1.566291904449462891e+01
1.581954860687255859e+01
1.597774410247802734e+01
1.613752174377441406e+01
1.629889678955078125e+01
1.646188545227050781e+01
1.662650489807128906e+01
1.679276847839355469e+01
1.696069717407226562e+01
1.713030433654785156e+01
1.730160713195800781e+01
1.747462272644042969e+01
1.764937019348144531e+01
1.782586288452148438e+01
1.800412178039550781e+01
1.818416213989257812e+01
1.836600494384765625e+01
1.854966545104980469e+01
1.873516082763671875e+01
1.892251205444335938e+01
1.911173820495605469e+01
1.930285453796386719e+01
1.949588394165039062e+01
1.969084358215332031e+01
1.988775062561035156e+01
2.008662796020507812e+01
2.028749465942382812e+01
2.049036979675292969e+01
2.069527435302734375e+01
2.090222549438476562e+01
2.111124801635742188e+01
2.132236099243164062e+01
2.153558540344238281e+01
2.175094032287597656e+01
2.196845054626464844e+01
2.218813514709472656e+01
2.241001510620117188e+01
2.263411521911621094e+01
2.286045646667480469e+01
2.308906173706054688e+01
2.331995201110839844e+01
2.355315208435058594e+01
2.378868293762207031e+01
2.402656936645507812e+01
2.426683616638183594e+01
2.450950431823730469e+01
2.475459861755371094e+01
2.500214576721191406e+01
2.525216674804687500e+01
2.550468826293945312e+01
2.575973510742187500e+01
2.601733207702636719e+01
2.627750587463378906e+01
2.654028129577636719e+01
2.680568313598632812e+01
2.707374000549316406e+01
2.734447860717773438e+01
2.761792373657226562e+01
2.789410209655761719e+01
2.817304229736328125e+01
2.845477294921875000e+01
2.873932075500488281e+01
2.902671432495117188e+01
2.931698226928710938e+01
2.961015129089355469e+01
2.990625381469726562e+01
3.020531654357910156e+01
3.050736808776855469e+01
3.081244277954101562e+01
3.112056732177734375e+01
3.143177223205566406e+01
3.174608993530273438e+01
3.206355285644531250e+01
3.238418579101562500e+01
3.270802688598632812e+01
3.303511047363281250e+01
3.336545944213867188e+01
3.369911575317382812e+01
3.403610610961914062e+01
3.437646484375000000e+01
3.472023010253906250e+01
3.506743240356445312e+01
3.541810989379882812e+01
3.577228927612304688e+01
3.613001251220703125e+01
3.649131393432617188e+01
3.685622406005859375e+01
3.722478866577148438e+01
3.759703445434570312e+01
3.797300720214843750e+01
3.835273742675781250e+01
3.873626327514648438e+01
3.912362670898437500e+01
3.951486206054687500e+01
3.991001129150390625e+01
4.030911254882812500e+01
4.071220016479492188e+01
4.111932373046875000e+01
4.153051757812500000e+01
4.194582366943359375e+01
4.236528015136718750e+01
4.278893280029296875e+01
4.321682357788085938e+01
4.364899063110351562e+01
4.408547973632812500e+01
4.452633666992187500e+01
4.497159957885742188e+01
4.542131423950195312e+01
4.587552642822265625e+01
4.633428192138671875e+01
4.679762649536132812e+01
4.726560211181640625e+01
4.773825836181640625e+01
4.821564102172851562e+01
4.869779586791992188e+01
4.918477630615234375e+01
4.967662429809570312e+01
5.017338943481445312e+01
