[array([[[5.19264570e-14, 4.77839209e-12, 1.35534209e-10, ...,
         1.13377720e-03, 1.34989165e-03, 1.58698473e-03],
        [7.68086224e-14, 1.10817796e-11, 2.44624432e-10, ...,
         1.13377720e-03, 1.34989165e-03, 1.58698473e-03],
        [2.09717470e-13, 2.64344414e-11, 4.64711797e-10, ...,
         1.13377720e-03, 1.34989165e-03, 1.58698473e-03],
        ...,
        [1.92719341e-07, 1.70630683e-05, 4.09831991e-05, ...,
         2.58015306e-03, 2.79474002e-03, 3.01324623e-03],
        [1.32983047e-07, 2.09168084e-05, 4.75618290e-05, ...,
         2.95398687e-03, 3.15213832e-03, 3.35280341e-03],
        [1.57652266e-07, 1.09830435e-05, 2.63660768e-05, ...,
         2.71300902e-03, 2.82862480e-03, 3.00424686e-03]],

       [[2.07817447e-13, 1.68872156e-11, 4.74225159e-10, ...,
         1.40718685e-03, 1.65621133e-03, 1.91400247e-03],
        [4.23923537e-13, 3.90760618e-11, 7.37972072e-10, ...,
         1.40718685e-03, 1.65621133e-03, 1.91400247e-03],
        [1.15725127e-12, 9.13856213e-11, 1.25054012e-09, ...,
         1.40718685e-03, 1.65621133e-03, 1.91400247e-03],
        ...,
        [1.05162223e-06, 4.39594078e-05, 1.36502073e-04, ...,
         3.06222099e-03, 3.25833051e-03, 3.46417842e-03],
        [1.00032992e-06, 3.81885875e-05, 1.15209288e-04, ...,
         3.44719738e-03, 3.60766705e-03, 3.78942164e-03],
        [9.72613293e-07, 1.73401786e-05, 6.53894531e-05, ...,
         3.00219608e-03, 3.13358638e-03, 3.27547896e-03]],

       [[8.31448354e-13, 4.16113359e-11, 1.29448097e-09, ...,
         1.64343033e-03, 1.90981629e-03, 2.18593329e-03],
        [1.87113628e-12, 9.38453829e-11, 1.86130811e-09, ...,
         1.64343033e-03, 1.90981629e-03, 2.18593329e-03],
        [5.07426740e-12, 2.20927665e-10, 2.88038260e-09, ...,
         1.64343033e-03, 1.90981629e-03, 2.18593329e-03],
        ...,
        [5.23413519e-06, 1.06223750e-04, 2.82968162e-04, ...,
         3.53914918e-03, 3.73426056e-03, 3.93852452e-03],
        [4.12466852e-06, 9.04732369e-05, 2.52820726e-04, ...,
         3.84096219e-03, 3.99123691e-03, 4.15899558e-03],
        [2.45041974e-06, 4.14923234e-05, 1.18810887e-04, ...,
         3.22109740e-03, 3.33615602e-03, 3.47519945e-03]],

       ...,

       [[1.27967127e-04, 5.24221826e-03, 1.25868358e-02, ...,
         2.78629679e-02, 2.65425444e-02, 2.53745876e-02],
        [1.28018233e-04, 5.24400175e-03, 1.25879394e-02, ...,
         2.78629679e-02, 2.65425444e-02, 2.53745876e-02],
        [1.28269370e-04, 5.24587510e-03, 1.25884200e-02, ...,
         2.78629698e-02, 2.65425444e-02, 2.53745876e-02],
        ...,
        [3.62425707e-02, 3.53347100e-02, 3.27570550e-02, ...,
         1.36900777e-02, 1.33745503e-02, 1.31415511e-02],
        [1.90489702e-02, 1.95063744e-02, 1.84410438e-02, ...,
         1.00821722e-02, 1.01028942e-02, 1.02173435e-02],
        [6.83003757e-03, 8.15160479e-03, 7.94611406e-03, ...,
         6.72730431e-03, 6.86436798e-03, 7.04870466e-03]],

       [[8.21348745e-03, 5.52213117e-02, 9.43275988e-02, ...,
         4.19834070e-02, 3.89868990e-02, 3.62468846e-02],
        [8.21789820e-03, 5.52984141e-02, 9.43679512e-02, ...,
         4.19834070e-02, 3.89868990e-02, 3.62468846e-02],
        [8.21726490e-03, 5.52924611e-02, 9.43957642e-02, ...,
         4.19834070e-02, 3.89868990e-02, 3.62468846e-02],
        ...,
        [5.91274314e-02, 4.58938070e-02, 4.17139418e-02, ...,
         1.56472940e-02, 1.52342143e-02, 1.48643190e-02],
        [2.71799173e-02, 2.30273493e-02, 2.17630733e-02, ...,
         1.08595854e-02, 1.08428746e-02, 1.08255045e-02],
        [8.97234958e-03, 1.07772565e-02, 1.03596784e-02, ...,
         6.97333179e-03, 7.14725396e-03, 7.31458189e-03]],

       [[8.41316640e-01, 9.50159252e-01, 7.49495506e-01, ...,
         6.68108389e-02, 6.07188977e-02, 5.49716502e-02],
        [8.40952873e-01, 9.50641990e-01, 7.49543369e-01, ...,
         6.68108389e-02, 6.07188977e-02, 5.49716502e-02],
        [8.41029048e-01, 9.50697362e-01, 7.49463618e-01, ...,
         6.68108389e-02, 6.07188977e-02, 5.49716502e-02],
        ...,
        [8.30176473e-02, 5.87151684e-02, 5.13021946e-02, ...,
         1.92545094e-02, 1.85375027e-02, 1.78526565e-02],
        [3.77652682e-02, 2.81871445e-02, 2.41466668e-02, ...,
         1.21963117e-02, 1.18353572e-02, 1.16489222e-02],
        [1.19222337e-02, 1.32364091e-02, 1.34886736e-02, ...,
         7.58281024e-03, 7.54872663e-03, 7.55346427e-03]]]), array([[[7.67667146e-15, 1.51873338e-12, 1.00335691e-10, ...,
         1.95068738e-03, 2.33212556e-03, 2.73222732e-03],
        [1.57060796e-14, 3.56291060e-12, 1.36568548e-10, ...,
         1.95068738e-03, 2.33212556e-03, 2.73222732e-03],
        [4.28801553e-14, 8.37470111e-12, 1.97410824e-10, ...,
         1.95068738e-03, 2.33212556e-03, 2.73222732e-03],
        ...,
        [4.23478177e-08, 5.69751774e-06, 3.60215890e-05, ...,
         4.94415779e-03, 5.35311084e-03, 5.72410412e-03],
        [3.98353848e-08, 4.44816351e-06, 3.28540627e-05, ...,
         5.12608420e-03, 5.52513031e-03, 5.93738491e-03],
        [2.19416094e-08, 2.71915110e-06, 1.44394826e-05, ...,
         4.04693373e-03, 4.36290167e-03, 4.63294471e-03]],

       [[3.94111454e-14, 3.87907371e-12, 3.22811305e-10, ...,
         2.39229458e-03, 2.81547825e-03, 3.24868923e-03],
        [1.05756956e-13, 8.91469971e-12, 4.15635248e-10, ...,
         2.39229458e-03, 2.81547825e-03, 3.24868923e-03],
        [2.90785354e-13, 2.07453239e-11, 6.15186069e-10, ...,
         2.39229458e-03, 2.81547825e-03, 3.24868923e-03],
        ...,
        [2.43100658e-07, 1.35961200e-05, 5.31523219e-05, ...,
         5.43175451e-03, 5.86643023e-03, 6.24143891e-03],
        [1.83736148e-07, 1.23677710e-05, 4.58957511e-05, ...,
         5.54771442e-03, 5.91172185e-03, 6.26669638e-03],
        [6.14846272e-08, 6.53005509e-06, 2.28433328e-05, ...,
         4.24065161e-03, 4.54388792e-03, 4.84361313e-03]],

       [[1.38289133e-13, 8.28030700e-12, 9.00411135e-10, ...,
         2.76304083e-03, 3.21688759e-03, 3.67789110e-03],
        [3.61238627e-13, 1.87240917e-11, 1.11098974e-09, ...,
         2.76304083e-03, 3.21688759e-03, 3.67789110e-03],
        [9.80622484e-13, 4.40968234e-11, 1.47047285e-09, ...,
         2.76304083e-03, 3.21688759e-03, 3.67789110e-03],
        ...,
        [1.23869597e-06, 2.84205471e-05, 7.65682707e-05, ...,
         5.80292894e-03, 6.23016898e-03, 6.64664106e-03],
        [7.53837014e-07, 2.47307762e-05, 6.81892197e-05, ...,
         5.82414167e-03, 6.19325740e-03, 6.55030925e-03],
        [2.48673189e-07, 1.16645706e-05, 3.45667868e-05, ...,
         4.42372030e-03, 4.73841559e-03, 5.03833778e-03]],

       ...,

       [[1.10597739e-05, 1.29271345e-03, 4.50519705e-03, ...,
         2.69719828e-02, 2.62893531e-02, 2.55665760e-02],
        [1.10870760e-05, 1.29232276e-03, 4.50630207e-03, ...,
         2.69719828e-02, 2.62893531e-02, 2.55665760e-02],
        [1.11383988e-05, 1.29280973e-03, 4.50551463e-03, ...,
         2.69719828e-02, 2.62893531e-02, 2.55665760e-02],
        ...,
        [4.50901780e-03, 1.00668715e-02, 1.22427242e-02, ...,
         1.45278275e-02, 1.45092057e-02, 1.45624531e-02],
        [2.29323306e-03, 6.31518848e-03, 7.87544530e-03, ...,
         1.09015321e-02, 1.11501468e-02, 1.13779753e-02],
        [8.91705800e-04, 2.74574640e-03, 3.56770889e-03, ...,
         7.27354083e-03, 7.53892772e-03, 7.82474037e-03]],

       [[5.01164235e-04, 1.14820944e-02, 2.38091219e-02, ...,
         4.11703065e-02, 3.89421396e-02, 3.70151103e-02],
        [5.01156319e-04, 1.14816213e-02, 2.38194391e-02, ...,
         4.11703065e-02, 3.89421396e-02, 3.70151103e-02],
        [5.01263479e-04, 1.14797587e-02, 2.38256343e-02, ...,
         4.11703065e-02, 3.89421396e-02, 3.70151103e-02],
        ...,
        [9.26383026e-03, 1.69853717e-02, 1.99541934e-02, ...,
         1.68400630e-02, 1.65936667e-02, 1.64555423e-02],
        [4.47672559e-03, 1.02163190e-02, 1.13422778e-02, ...,
         1.19122295e-02, 1.21313650e-02, 1.23178838e-02],
        [1.69360207e-03, 4.27609775e-03, 5.14863851e-03, ...,
         7.78541015e-03, 8.05221871e-03, 8.28689430e-03]],

       [[8.10538381e-02, 2.02718303e-01, 2.47505039e-01, ...,
         6.65419623e-02, 6.05359115e-02, 5.52897565e-02],
        [8.11380893e-02, 2.02723116e-01, 2.47585878e-01, ...,
         6.65419623e-02, 6.05359115e-02, 5.52897565e-02],
        [8.11726749e-02, 2.02690542e-01, 2.47376770e-01, ...,
         6.65419623e-02, 6.05359115e-02, 5.52897565e-02],
        ...,
        [2.09753122e-02, 2.90934741e-02, 3.58336270e-02, ...,
         1.99396778e-02, 1.97035316e-02, 1.94609705e-02],
        [9.28559154e-03, 1.30151352e-02, 1.71108544e-02, ...,
         1.35892918e-02, 1.35893393e-02, 1.36697721e-02],
        [3.78003228e-03, 4.90329647e-03, 6.97037159e-03, ...,
         8.48152302e-03, 8.72839801e-03, 8.99895653e-03]]]), array([[[2.28664485e-16, 2.16955956e-13, 2.15510457e-11, ...,
         2.10428797e-03, 2.57013063e-03, 3.05287773e-03],
        [5.82585979e-16, 5.07330397e-13, 3.03952488e-11, ...,
         2.10428797e-03, 2.57013063e-03, 3.05287773e-03],
        [1.60230523e-15, 1.22388764e-12, 4.72721376e-11, ...,
         2.10428797e-03, 2.57013063e-03, 3.05287773e-03],
        ...,
        [2.98313219e-09, 8.66515563e-07, 4.70839041e-06, ...,
         4.39625001e-03, 4.99331625e-03, 5.59185538e-03],
        [2.16098961e-09, 7.38515894e-07, 4.03237800e-06, ...,
         4.36668145e-03, 4.95148683e-03, 5.53356018e-03],
        [7.68593578e-10, 5.19200967e-07, 2.04026423e-06, ...,
         3.41458409e-03, 3.88593692e-03, 4.36736830e-03]],

       [[3.22200999e-15, 6.09783437e-13, 7.26597879e-11, ...,
         2.57730018e-03, 3.09214066e-03, 3.62405274e-03],
        [7.52186857e-15, 1.36253704e-12, 9.20181153e-11, ...,
         2.57730018e-03, 3.09214066e-03, 3.62405274e-03],
        [2.03964941e-14, 3.15456450e-12, 1.26473818e-10, ...,
         2.57730018e-03, 3.09214066e-03, 3.62405274e-03],
        ...,
        [3.28292842e-08, 2.32238608e-06, 9.61621663e-06, ...,
         4.88968706e-03, 5.50572574e-03, 6.11666171e-03],
        [2.94482909e-08, 1.70746387e-06, 7.79094989e-06, ...,
         4.76533081e-03, 5.37227001e-03, 5.97386714e-03],
        [6.02624084e-09, 1.39665963e-06, 4.05917808e-06, ...,
         3.66131659e-03, 4.17379243e-03, 4.66026086e-03]],

       [[1.43790534e-14, 1.61278076e-12, 2.11982626e-10, ...,
         2.96564447e-03, 3.52220354e-03, 4.09347890e-03],
        [3.65587585e-14, 3.54712700e-12, 2.48506049e-10, ...,
         2.96564447e-03, 3.52220354e-03, 4.09347890e-03],
        [1.00094669e-13, 7.84601117e-12, 3.21133148e-10, ...,
         2.96564447e-03, 3.52220354e-03, 4.09347890e-03],
        ...,
        [1.31465825e-07, 6.21558002e-06, 1.67197013e-05, ...,
         5.19669522e-03, 5.84537210e-03, 6.48323027e-03],
        [1.03967459e-07, 4.95741097e-06, 1.71943302e-05, ...,
         5.02490532e-03, 5.64033305e-03, 6.26792433e-03],
        [3.45803812e-08, 2.60084380e-06, 8.39305721e-06, ...,
         3.82485893e-03, 4.34916560e-03, 4.85365279e-03]],

       ...,

       [[8.85033273e-07, 1.84548699e-04, 6.65167114e-04, ...,
         2.11107451e-02, 2.15812828e-02, 2.19796114e-02],
        [8.90442948e-07, 1.84504534e-04, 6.65152213e-04, ...,
         2.11107451e-02, 2.15812828e-02, 2.19796114e-02],
        [9.14097768e-07, 1.84443168e-04, 6.65321015e-04, ...,
         2.11107451e-02, 2.15812828e-02, 2.19796114e-02],
        ...,
        [1.15049514e-03, 7.93436542e-04, 6.91893918e-04, ...,
         1.29181035e-02, 1.34224538e-02, 1.39507707e-02],
        [5.54230530e-04, 4.65269259e-04, 3.92595335e-04, ...,
         1.02895629e-02, 1.07514942e-02, 1.12930862e-02],
        [2.27602228e-04, 2.05010554e-04, 1.77600159e-04, ...,
         7.08452892e-03, 7.49273645e-03, 7.91415107e-03]],

       [[2.26617354e-04, 2.11768202e-03, 3.39728524e-03, ...,
         3.04761156e-02, 3.04386411e-02, 3.01928651e-02],
        [2.26698467e-04, 2.11776095e-03, 3.39683238e-03, ...,
         3.04761156e-02, 3.04386411e-02, 3.01928651e-02],
        [2.26622098e-04, 2.11766991e-03, 3.39699094e-03, ...,
         3.04761156e-02, 3.04386411e-02, 3.01928651e-02],
        ...,
        [1.43950735e-03, 1.23101508e-03, 1.01188710e-03, ...,
         1.50866704e-02, 1.55551787e-02, 1.59934107e-02],
        [6.43424049e-04, 6.52631861e-04, 5.51616366e-04, ...,
         1.12014618e-02, 1.17092552e-02, 1.21094259e-02],
        [2.52049766e-04, 2.77054321e-04, 2.61730282e-04, ...,
         7.45030260e-03, 7.89479259e-03, 8.33507441e-03]],

       [[2.57389676e-02, 2.17101276e-02, 1.77539364e-02, ...,
         5.16852401e-02, 4.94971275e-02, 4.77149114e-02],
        [2.57348232e-02, 2.17287019e-02, 1.77481808e-02, ...,
         5.16852401e-02, 4.94971275e-02, 4.77149114e-02],
        [2.57388577e-02, 2.17280407e-02, 1.77453570e-02, ...,
         5.16852401e-02, 4.94971275e-02, 4.77149114e-02],
        ...,
        [2.06758361e-03, 1.85157545e-03, 1.66644133e-03, ...,
         1.94733329e-02, 1.96096469e-02, 1.97653323e-02],
        [9.15805402e-04, 1.04255090e-03, 1.01924292e-03, ...,
         1.32262791e-02, 1.35575859e-02, 1.38727641e-02],
        [3.31166957e-04, 4.50978929e-04, 4.99179878e-04, ...,
         8.44502263e-03, 8.81373137e-03, 9.15233605e-03]]]), array([[[8.28388917e-19, 6.48123438e-15, 5.84642361e-12, ...,
         2.16996041e-03, 2.68110051e-03, 3.21185053e-03],
        [2.20133482e-18, 1.47019271e-14, 7.64341888e-12, ...,
         2.16996041e-03, 2.68110051e-03, 3.21185053e-03],
        [6.04676803e-18, 3.36155664e-14, 1.03549287e-11, ...,
         2.17000372e-03, 2.68110051e-03, 3.21185053e-03],
        ...,
        [1.25525762e-11, 3.13518633e-08, 5.71738269e-07, ...,
         3.66180367e-03, 4.35927231e-03, 5.07890619e-03],
        [1.51725091e-11, 3.01899625e-08, 6.15824774e-07, ...,
         3.59753822e-03, 4.29034326e-03, 5.00013586e-03],
        [7.16297074e-12, 1.82334947e-08, 3.49643585e-07, ...,
         2.87486031e-03, 3.45034641e-03, 4.03834973e-03]],

       [[4.42489350e-18, 1.78718514e-14, 2.12792908e-11, ...,
         2.54810811e-03, 3.10165389e-03, 3.68395518e-03],
        [1.12692506e-17, 3.80508308e-14, 2.39412535e-11, ...,
         2.54810811e-03, 3.10165389e-03, 3.68395518e-03],
        [3.09192238e-17, 8.19002188e-14, 2.93332407e-11, ...,
         2.54812697e-03, 3.10165389e-03, 3.68408137e-03],
        ...,
        [3.02677883e-11, 4.70983963e-08, 8.19135153e-07, ...,
         4.00809711e-03, 4.72620130e-03, 5.45132253e-03],
        [3.20482078e-11, 4.11289562e-08, 8.23174787e-07, ...,
         3.87039129e-03, 4.57331771e-03, 5.28757414e-03],
        [1.23017941e-11, 2.02267962e-08, 4.80773508e-07, ...,
         3.03931674e-03, 3.61315464e-03, 4.18295432e-03]],

       [[1.36544168e-17, 4.99749845e-14, 6.05337377e-11, ...,
         2.84770131e-03, 3.44173866e-03, 4.06408077e-03],
        [3.54996041e-17, 1.00135496e-13, 6.53016183e-11, ...,
         2.84770131e-03, 3.44173866e-03, 4.06408077e-03],
        [9.65322951e-17, 2.12391831e-13, 7.45891612e-11, ...,
         2.84770131e-03, 3.44173866e-03, 4.06408077e-03],
        ...,
        [8.53523641e-11, 7.52149916e-08, 1.08805557e-06, ...,
         4.25131340e-03, 4.98978794e-03, 5.72700659e-03],
        [8.69921565e-11, 5.85203139e-08, 1.00416696e-06, ...,
         4.08946071e-03, 4.79815667e-03, 5.50237764e-03],
        [2.15003969e-11, 2.81390555e-08, 5.51548567e-07, ...,
         3.17414012e-03, 3.76174506e-03, 4.36277827e-03]],

       ...,

       [[5.63667868e-09, 7.05287403e-06, 7.82205607e-05, ...,
         1.23841967e-02, 1.35089029e-02, 1.45474756e-02],
        [5.93172755e-09, 7.05399725e-06, 7.82297502e-05, ...,
         1.23841967e-02, 1.35089019e-02, 1.45474756e-02],
        [6.70112676e-09, 7.05805860e-06, 7.82358620e-05, ...,
         1.23841967e-02, 1.35089019e-02, 1.45474756e-02],
        ...,
        [6.26817273e-05, 1.53024128e-04, 2.13011022e-04, ...,
         8.18339456e-03, 9.07223765e-03, 9.91618633e-03],
        [3.00870324e-05, 8.78056235e-05, 1.36506264e-04, ...,
         6.94463495e-03, 7.69928424e-03, 8.43627285e-03],
        [1.13057768e-05, 3.61457533e-05, 6.35088509e-05, ...,
         5.02587482e-03, 5.60256280e-03, 6.17344026e-03]],

       [[1.43420368e-06, 1.21891368e-04, 4.67407808e-04, ...,
         1.59070380e-02, 1.70681104e-02, 1.80971771e-02],
        [1.43541433e-06, 1.21865807e-04, 4.67424485e-04, ...,
         1.59070380e-02, 1.70681104e-02, 1.80971771e-02],
        [1.43755665e-06, 1.21860474e-04, 4.67445905e-04, ...,
         1.59070380e-02, 1.70681104e-02, 1.80971771e-02],
        ...,
        [1.37970463e-04, 2.10835948e-04, 3.16089514e-04, ...,
         9.14018601e-03, 1.00395316e-02, 1.08785937e-02],
        [6.57564669e-05, 1.26702726e-04, 2.04410710e-04, ...,
         7.51806377e-03, 8.24942254e-03, 8.98144487e-03],
        [2.76765131e-05, 5.19994792e-05, 9.71332920e-05, ...,
         5.38461469e-03, 5.97933447e-03, 6.55271579e-03]],

       [[1.15909125e-03, 3.11950105e-03, 4.06406308e-03, ...,
         2.40311567e-02, 2.49508973e-02, 2.55862419e-02],
        [1.15997973e-03, 3.11963074e-03, 4.06216457e-03, ...,
         2.40311567e-02, 2.49508973e-02, 2.55862419e-02],
        [1.16113247e-03, 3.12041026e-03, 4.06155270e-03, ...,
         2.40311567e-02, 2.49508973e-02, 2.55862419e-02],
        ...,
        [2.63524475e-04, 3.68576642e-04, 5.36556356e-04, ...,
         1.13119055e-02, 1.22055551e-02, 1.29537871e-02],
        [1.16053874e-04, 2.06229830e-04, 3.08416813e-04, ...,
         9.00473073e-03, 9.72454809e-03, 1.04098963e-02],
        [4.27966042e-05, 8.85112531e-05, 1.42463512e-04, ...,
         6.30941615e-03, 6.90770801e-03, 7.45494664e-03]]]), array([[[1.42601822e-18, 7.34188423e-15, 3.01653993e-12, ...,
         1.99953979e-03, 2.51317210e-03, 3.06948088e-03],
        [3.85298579e-18, 1.64189392e-14, 4.21706984e-12, ...,
         1.99953979e-03, 2.51317210e-03, 3.06948088e-03],
        [1.06012915e-17, 3.58434392e-14, 6.65767658e-12, ...,
         1.99953979e-03, 2.51317210e-03, 3.06948088e-03],
        ...,
        [2.52489748e-11, 2.99658325e-08, 5.29830515e-07, ...,
         3.20171495e-03, 3.83882830e-03, 4.49337438e-03],
        [7.35593947e-11, 3.21840616e-08, 5.95452548e-07, ...,
         3.18254810e-03, 3.79296090e-03, 4.44489624e-03],
        [2.49090644e-11, 1.90452631e-08, 3.64567143e-07, ...,
         2.55418126e-03, 3.03560309e-03, 3.55430134e-03]],

       [[1.07441034e-17, 2.00341537e-14, 1.14158804e-11, ...,
         2.27389997e-03, 2.83596665e-03, 3.44332401e-03],
        [2.95764086e-17, 4.30806276e-14, 1.43148089e-11, ...,
         2.27389997e-03, 2.83596665e-03, 3.44332401e-03],
        [8.18563707e-17, 9.49179903e-14, 1.89450487e-11, ...,
         2.27389997e-03, 2.83596665e-03, 3.44332401e-03],
        ...,
        [1.24731142e-10, 4.96242762e-08, 8.27862891e-07, ...,
         3.40466527e-03, 4.05607000e-03, 4.73884773e-03],
        [1.21712279e-10, 4.54516709e-08, 8.77879643e-07, ...,
         3.35824024e-03, 3.94439325e-03, 4.57575778e-03],
        [4.96350426e-11, 2.42965914e-08, 5.22620326e-07, ...,
         2.65669124e-03, 3.12913046e-03, 3.63939442e-03]],

       [[2.74270840e-17, 4.69080951e-14, 3.17570449e-11, ...,
         2.52458500e-03, 3.12566850e-03, 3.77228158e-03],
        [7.31965043e-17, 9.85870660e-14, 3.73875896e-11, ...,
         2.52458500e-03, 3.12566850e-03, 3.77228158e-03],
        [2.01571316e-16, 2.22636403e-13, 4.74490239e-11, ...,
         2.52458500e-03, 3.12566850e-03, 3.77233257e-03],
        ...,
        [2.70139799e-10, 7.93159742e-08, 1.16242018e-06, ...,
         3.56789399e-03, 4.21917019e-03, 4.90826415e-03],
        [2.56688004e-10, 6.32473416e-08, 1.13916622e-06, ...,
         3.45923658e-03, 4.06655530e-03, 4.71134996e-03],
        [7.86758575e-11, 3.16890301e-08, 6.78044159e-07, ...,
         2.71996437e-03, 3.22093978e-03, 3.73742310e-03]],

       ...,

       [[4.10743350e-09, 6.44029979e-06, 8.96930287e-05, ...,
         9.89830028e-03, 1.06770080e-02, 1.14803575e-02],
        [4.11345802e-09, 6.44014926e-06, 8.97279751e-05, ...,
         9.89830028e-03, 1.06770080e-02, 1.14803575e-02],
        [4.14995238e-09, 6.43944622e-06, 8.97134159e-05, ...,
         9.89830028e-03, 1.06770080e-02, 1.14803575e-02],
        ...,
        [3.45416152e-06, 8.88630602e-05, 3.16300750e-04, ...,
         6.30684150e-03, 7.19219493e-03, 8.06130376e-03],
        [2.09883183e-06, 6.26101100e-05, 2.47406861e-04, ...,
         5.28057385e-03, 6.05099509e-03, 6.87321601e-03],
        [8.38205153e-07, 2.78202442e-05, 1.30770030e-04, ...,
         3.89557285e-03, 4.51904815e-03, 5.16792014e-03]],

       [[2.93141312e-07, 1.01259087e-04, 6.74826151e-04, ...,
         1.23659577e-02, 1.29543403e-02, 1.36628840e-02],
        [2.93169222e-07, 1.01318183e-04, 6.74969342e-04, ...,
         1.23659577e-02, 1.29543403e-02, 1.36628840e-02],
        [2.93308148e-07, 1.01307865e-04, 6.75016374e-04, ...,
         1.23659577e-02, 1.29543403e-02, 1.36628840e-02],
        ...,
        [8.21013327e-06, 1.72307307e-04, 5.88470546e-04, ...,
         6.76777447e-03, 7.60542508e-03, 8.50116927e-03],
        [5.69589520e-06, 1.19325239e-04, 4.46229649e-04, ...,
         5.56158740e-03, 6.36547292e-03, 7.17543717e-03],
        [2.25804570e-06, 5.27398806e-05, 2.20488379e-04, ...,
         4.09456436e-03, 4.72146273e-03, 5.36009250e-03]],

       [[6.89967637e-05, 1.65296940e-03, 6.27235649e-03, ...,
         1.72374304e-02, 1.76916327e-02, 1.81308892e-02],
        [6.90804663e-05, 1.65247556e-03, 6.27375720e-03, ...,
         1.72374304e-02, 1.76916327e-02, 1.81308892e-02],
        [6.91357054e-05, 1.65247987e-03, 6.27387781e-03, ...,
         1.72374304e-02, 1.76916327e-02, 1.81308892e-02],
        ...,
        [2.08867332e-05, 3.13808327e-04, 1.03052019e-03, ...,
         7.72255845e-03, 8.43852665e-03, 9.24540125e-03],
        [1.04570572e-05, 1.87210564e-04, 5.82182663e-04, ...,
         5.94463153e-03, 6.70839939e-03, 7.51933642e-03],
        [3.99869941e-06, 8.89109215e-05, 2.89879739e-04, ...,
         4.24205698e-03, 4.90115117e-03, 5.57540962e-03]]]), array([[[3.84899348e-17, 5.97100291e-14, 8.86299107e-12, ...,
         1.89960992e-03, 2.41199229e-03, 2.98935897e-03],
        [1.00053404e-16, 1.37996521e-13, 1.40555362e-11, ...,
         1.89960992e-03, 2.41199229e-03, 2.98935897e-03],
        [2.76034723e-16, 3.37530514e-13, 2.27830029e-11, ...,
         1.89960992e-03, 2.41199229e-03, 2.98935897e-03],
        ...,
        [4.38368147e-10, 4.50139282e-07, 3.78640470e-06, ...,
         3.16823181e-03, 3.79621750e-03, 4.45441110e-03],
        [4.71753081e-10, 4.54836567e-07, 4.12895406e-06, ...,
         3.13998223e-03, 3.75478715e-03, 4.41096304e-03],
        [1.85335663e-10, 2.79951621e-07, 2.85241663e-06, ...,
         2.52851867e-03, 3.01551376e-03, 3.53609212e-03]],

       [[4.56607086e-16, 2.31336949e-13, 2.78487528e-11, ...,
         2.15749885e-03, 2.72759423e-03, 3.34754307e-03],
        [1.22645003e-15, 5.30152853e-13, 4.34861661e-11, ...,
         2.15749885e-03, 2.72759423e-03, 3.34754307e-03],
        [3.26475128e-15, 1.21701650e-12, 7.15431325e-11, ...,
         2.15749885e-03, 2.72759423e-03, 3.34754307e-03],
        ...,
        [2.60910671e-09, 1.02758577e-06, 8.28518114e-06, ...,
         3.37834470e-03, 4.02620761e-03, 4.70922282e-03],
        [1.86932447e-09, 9.60681632e-07, 9.71148984e-06, ...,
         3.29828053e-03, 3.88114597e-03, 4.51739226e-03],
        [5.29856214e-10, 4.51230477e-07, 6.59080524e-06, ...,
         2.62383395e-03, 3.08773131e-03, 3.59369442e-03]],

       [[2.06537825e-15, 8.78245014e-13, 7.23889212e-11, ...,
         2.42414302e-03, 3.02216248e-03, 3.67185730e-03],
        [5.47977547e-15, 1.87553228e-12, 1.05358534e-10, ...,
         2.42414302e-03, 3.02216248e-03, 3.67185730e-03],
        [1.49572788e-14, 4.19493520e-12, 1.71339373e-10, ...,
         2.42414302e-03, 3.02216248e-03, 3.67185730e-03],
        ...,
        [1.79504962e-08, 2.20959828e-06, 1.72214241e-05, ...,
         3.55497026e-03, 4.19250177e-03, 4.87371115e-03],
        [1.25041639e-08, 1.96246879e-06, 1.84730507e-05, ...,
         3.43655492e-03, 4.02114773e-03, 4.65331413e-03],
        [4.30319025e-09, 8.89519640e-07, 9.93860886e-06, ...,
         2.69430596e-03, 3.16928653e-03, 3.67623125e-03]],

       ...,

       [[1.40753536e-06, 4.70230589e-04, 2.57165683e-03, ...,
         3.59906815e-02, 3.68577689e-02, 3.73178422e-02],
        [1.41536668e-06, 4.70406987e-04, 2.57284427e-03, ...,
         3.59906815e-02, 3.68577689e-02, 3.73178422e-02],
        [1.44225510e-06, 4.70393337e-04, 2.57262052e-03, ...,
         3.59906815e-02, 3.68577689e-02, 3.73178422e-02],
        ...,
        [2.13496177e-03, 2.85225059e-03, 4.03023139e-03, ...,
         5.08576520e-02, 5.02222963e-02, 4.87660952e-02],
        [1.10551389e-03, 1.73155172e-03, 2.68080505e-03, ...,
         5.18429317e-02, 5.07311448e-02, 4.93412875e-02],
        [3.63368308e-04, 7.24586484e-04, 1.26149575e-03, ...,
         4.58999202e-02, 4.44456711e-02, 4.33253460e-02]],

       [[4.42733872e-04, 7.39152124e-03, 1.62383150e-02, ...,
         1.02704644e-01, 1.00762114e-01, 9.86329988e-02],
        [4.42813267e-04, 7.38910958e-03, 1.62392817e-02, ...,
         1.02704644e-01, 1.00762114e-01, 9.86329988e-02],
        [4.42748540e-04, 7.38840504e-03, 1.62388124e-02, ...,
         1.02704644e-01, 1.00762114e-01, 9.86329988e-02],
        ...,
        [3.40218609e-03, 3.90490680e-03, 6.27005938e-03, ...,
         9.68715250e-02, 9.39690918e-02, 9.08720270e-02],
        [1.67085615e-03, 2.39670090e-03, 3.97081720e-03, ...,
         8.24929699e-02, 7.98486993e-02, 7.82658905e-02],
        [5.51641278e-04, 1.09690824e-03, 1.86012557e-03, ...,
         5.90891875e-02, 5.76470755e-02, 5.61664104e-02]],

       [[4.27354574e-02, 7.05725625e-02, 9.16917771e-02, ...,
         3.76925468e-01, 3.50083441e-01, 3.26524377e-01],
        [4.27647009e-02, 7.05952868e-02, 9.17049423e-02, ...,
         3.76925468e-01, 3.50083441e-01, 3.26524377e-01],
        [4.28102016e-02, 7.05924407e-02, 9.16920081e-02, ...,
         3.76925468e-01, 3.50083441e-01, 3.26524377e-01],
        ...,
        [5.01237251e-03, 7.30281230e-03, 1.47739835e-02, ...,
         1.60199955e-01, 1.51961923e-01, 1.44572467e-01],
        [2.13451264e-03, 3.73509456e-03, 8.49330518e-03, ...,
         1.12307884e-01, 1.08814500e-01, 1.05105937e-01],
        [7.90183549e-04, 1.64222415e-03, 3.79653717e-03, ...,
         7.30656907e-02, 7.24524707e-02, 7.13659376e-02]]]), array([[[5.06273185e-14, 7.68640707e-12, 1.08785529e-10, ...,
         2.44042301e-03, 3.06722475e-03, 3.75340786e-03],
        [1.15363299e-13, 1.95351114e-11, 1.97326155e-10, ...,
         2.44042301e-03, 3.06722475e-03, 3.75340786e-03],
        [3.20938019e-13, 4.91122351e-11, 3.83994420e-10, ...,
         2.44042301e-03, 3.06722475e-03, 3.75340786e-03],
        ...,
        [5.54739131e-07, 8.01810529e-05, 1.84864562e-04, ...,
         4.92136599e-03, 5.64442668e-03, 6.41116360e-03],
        [6.27933900e-07, 7.77576643e-05, 1.46244143e-04, ...,
         5.23829972e-03, 5.93140861e-03, 6.68063713e-03],
        [2.53891187e-07, 3.97023359e-05, 7.35374997e-05, ...,
         4.36466699e-03, 4.95919632e-03, 5.57596516e-03]],

       [[3.09052398e-13, 2.05135058e-11, 4.49638438e-10, ...,
         3.23308562e-03, 3.93820414e-03, 4.73150192e-03],
        [7.01459724e-13, 5.16368857e-11, 7.42315764e-10, ...,
         3.23308562e-03, 3.93820414e-03, 4.73150192e-03],
        [1.94241129e-12, 1.33458439e-10, 1.27242417e-09, ...,
         3.23308562e-03, 3.93820414e-03, 4.73150192e-03],
        ...,
        [2.64283267e-06, 1.93325526e-04, 3.83129809e-04, ...,
         6.06017141e-03, 6.82757562e-03, 7.62728509e-03],
        [2.27955911e-06, 1.63788252e-04, 3.12772259e-04, ...,
         6.26177061e-03, 6.98424969e-03, 7.69852661e-03],
        [4.67049091e-07, 8.63537061e-05, 1.44607387e-04, ...,
         5.12630539e-03, 5.71152382e-03, 6.33624708e-03]],

       [[1.19087856e-12, 4.45074151e-11, 1.33936473e-09, ...,
         3.98231670e-03, 4.78628464e-03, 5.63476887e-03],
        [3.10101272e-12, 1.07031356e-10, 2.04529127e-09, ...,
         3.98231670e-03, 4.78628464e-03, 5.63476887e-03],
        [8.41580017e-12, 2.57017435e-10, 3.53496210e-09, ...,
         3.98231670e-03, 4.78628464e-03, 5.63476887e-03],
        ...,
        [9.54289771e-06, 3.19360843e-04, 5.67570969e-04, ...,
         7.63915153e-03, 8.39727558e-03, 9.16349329e-03],
        [5.79206289e-06, 2.94656289e-04, 5.10550162e-04, ...,
         7.50246784e-03, 8.21996946e-03, 8.95653758e-03],
        [2.02099181e-06, 1.68677376e-04, 2.64992559e-04, ...,
         5.92939975e-03, 6.54382724e-03, 7.17453752e-03]],

       ...,

       [[8.79777421e-04, 2.86942702e-02, 9.86941606e-02, ...,
         3.03036034e-01, 2.79190928e-01, 2.59732813e-01],
        [8.81826563e-04, 2.87063029e-02, 9.87092927e-02, ...,
         3.03036034e-01, 2.79190928e-01, 2.59732813e-01],
        [8.89235002e-04, 2.87160259e-02, 9.87523124e-02, ...,
         3.03036034e-01, 2.79190928e-01, 2.59732813e-01],
        ...,
        [3.57827783e-01, 3.93991530e-01, 3.91907573e-01, ...,
         1.51348591e-01, 1.40759602e-01, 1.31642237e-01],
        [2.16427431e-01, 2.19925806e-01, 2.37471744e-01, ...,
         1.14540391e-01, 1.08593769e-01, 1.03104196e-01],
        [8.00592080e-02, 1.00288153e-01, 1.04066178e-01, ...,
         7.63577744e-02, 7.32170865e-02, 7.04660341e-02]],

       [[4.99453656e-02, 3.45833778e-01, 8.11296701e-01, ...,
         5.22093773e-01, 4.70083624e-01, 4.24367219e-01],
        [4.99619097e-02, 3.45931202e-01, 8.11135769e-01, ...,
         5.22093773e-01, 4.70083624e-01, 4.24367219e-01],
        [4.99692038e-02, 3.45905662e-01, 8.11804712e-01, ...,
         5.22093773e-01, 4.70083624e-01, 4.24367219e-01],
        ...,
        [5.73758483e-01, 5.80854356e-01, 5.46187043e-01, ...,
         1.96367264e-01, 1.82395414e-01, 1.69033736e-01],
        [2.78131753e-01, 3.22057515e-01, 2.97277719e-01, ...,
         1.34928688e-01, 1.26003817e-01, 1.18086345e-01],
        [1.20920889e-01, 1.37504116e-01, 1.21114880e-01, ...,
         8.45702291e-02, 8.04831237e-02, 7.67489001e-02]],

       [[6.58578062e+00, 8.74951935e+00, 8.11624241e+00, ...,
         1.01990783e+00, 9.01129305e-01, 7.91140139e-01],
        [6.58615017e+00, 8.75639343e+00, 8.11422443e+00, ...,
         1.01990783e+00, 9.01129305e-01, 7.91140139e-01],
        [6.58683062e+00, 8.75200367e+00, 8.11916637e+00, ...,
         1.01990795e+00, 9.01129305e-01, 7.91140139e-01],
        ...,
        [1.00930905e+00, 8.92773092e-01, 7.93404937e-01, ...,
         2.88321197e-01, 2.66487062e-01, 2.49585152e-01],
        [4.45550025e-01, 4.15586412e-01, 3.78491163e-01, ...,
         1.66176781e-01, 1.55172259e-01, 1.44960001e-01],
        [1.70104206e-01, 1.56625584e-01, 1.67712852e-01, ...,
         9.54388529e-02, 8.98008347e-02, 8.52230862e-02]]]), array([[[4.80903945e-12, 1.95688896e-10, 1.33402811e-09, ...,
         5.00925118e-03, 5.98823046e-03, 6.99719321e-03],
        [1.00898959e-11, 5.15156307e-10, 2.69266742e-09, ...,
         5.00925118e-03, 5.98823046e-03, 6.99719321e-03],
        [2.81597454e-11, 1.32924749e-09, 5.95860117e-09, ...,
         5.00925118e-03, 5.98823093e-03, 6.99719321e-03],
        ...,
        [4.22808735e-05, 2.15543201e-03, 3.62861133e-03, ...,
         2.61023883e-02, 2.66500153e-02, 2.71706134e-02],
        [2.62704270e-05, 2.25403695e-03, 3.29066487e-03, ...,
         2.86652483e-02, 2.93330047e-02, 3.01809106e-02],
        [8.17423916e-06, 1.10716606e-03, 1.66635017e-03, ...,
         2.22370531e-02, 2.29191128e-02, 2.36255359e-02]],

       [[1.83882597e-11, 4.33894587e-10, 3.77762444e-09, ...,
         7.28020957e-03, 8.48900340e-03, 9.73948743e-03],
        [4.88309185e-11, 1.07350973e-09, 7.34733074e-09, ...,
         7.28041818e-03, 8.48900340e-03, 9.73948743e-03],
        [1.34478678e-10, 2.75270762e-09, 1.50827404e-08, ...,
         7.28041818e-03, 8.48900340e-03, 9.73948743e-03],
        ...,
        [1.54692476e-04, 4.08203993e-03, 6.21480681e-03, ...,
         3.03257350e-02, 3.08457203e-02, 3.12186405e-02],
        [1.47157116e-04, 3.33731808e-03, 5.78795653e-03, ...,
         3.25976424e-02, 3.30994539e-02, 3.35390270e-02],
        [1.68470688e-05, 1.49223942e-03, 3.00659612e-03, ...,
         2.47995593e-02, 2.53032502e-02, 2.59328969e-02]],

       [[6.34982691e-11, 1.00914410e-09, 8.76270434e-09, ...,
         9.58114211e-03, 1.09175034e-02, 1.22812502e-02],
        [1.73422984e-10, 2.45291476e-09, 1.57728461e-08, ...,
         9.58114956e-03, 1.09175034e-02, 1.22812502e-02],
        [4.77975881e-10, 6.11718454e-09, 3.08336894e-08, ...,
         9.58114956e-03, 1.09175034e-02, 1.22812502e-02],
        ...,
        [5.24451665e-04, 6.37807045e-03, 9.38574411e-03, ...,
         3.32838409e-02, 3.36167403e-02, 3.39764170e-02],
        [3.70776310e-04, 5.32337790e-03, 8.20498634e-03, ...,
         3.42792496e-02, 3.47995088e-02, 3.52364108e-02],
        [6.77901917e-05, 2.45878031e-03, 4.23222268e-03, ...,
         2.62488388e-02, 2.67827604e-02, 2.73896940e-02]],

       ...,

       [[1.92892493e-03, 1.16092056e-01, 2.85181910e-01, ...,
         2.23733678e-01, 2.08680272e-01, 1.95392683e-01],
        [1.93150318e-03, 1.16083622e-01, 2.85240531e-01, ...,
         2.23733678e-01, 2.08680272e-01, 1.95392683e-01],
        [1.94832310e-03, 1.16063483e-01, 2.85415620e-01, ...,
         2.23733678e-01, 2.08680272e-01, 1.95392683e-01],
        ...,
        [6.38149858e-01, 6.13677502e-01, 5.22113502e-01, ...,
         1.18210614e-01, 1.11664459e-01, 1.06094062e-01],
        [3.27074379e-01, 3.39363962e-01, 3.01698059e-01, ...,
         8.61933008e-02, 8.24649408e-02, 7.99344182e-02],
        [1.62113965e-01, 1.44286498e-01, 1.28056198e-01, ...,
         5.58759011e-02, 5.47131598e-02, 5.40944487e-02]],

       [[2.80657709e-01, 1.50342691e+00, 1.94131446e+00, ...,
         3.80503386e-01, 3.45010668e-01, 3.16596270e-01],
        [2.80669808e-01, 1.50392187e+00, 1.94115150e+00, ...,
         3.80503386e-01, 3.45010668e-01, 3.16596270e-01],
        [2.80622065e-01, 1.50356364e+00, 1.94165850e+00, ...,
         3.80503386e-01, 3.45010668e-01, 3.16596270e-01],
        ...,
        [9.31257904e-01, 8.06790173e-01, 6.83396041e-01, ...,
         1.43708989e-01, 1.34513646e-01, 1.26631767e-01],
        [4.64525759e-01, 3.93172294e-01, 3.62131625e-01, ...,
         9.52652469e-02, 9.06847343e-02, 8.76072571e-02],
        [1.80602893e-01, 1.54540032e-01, 1.48813769e-01, ...,
         5.86249121e-02, 5.67393936e-02, 5.56623526e-02]],

       [[2.05336342e+01, 1.87308655e+01, 1.39500313e+01, ...,
         8.09365571e-01, 6.91129267e-01, 6.05605543e-01],
        [2.05300102e+01, 1.87445183e+01, 1.39516621e+01, ...,
         8.09365571e-01, 6.91129267e-01, 6.05605543e-01],
        [2.05236244e+01, 1.87441101e+01, 1.39531498e+01, ...,
         8.09365571e-01, 6.91129267e-01, 6.05605543e-01],
        ...,
        [1.28841543e+00, 9.59170699e-01, 8.75224054e-01, ...,
         1.80461228e-01, 1.67786136e-01, 1.55484602e-01],
        [5.06175935e-01, 4.26700115e-01, 4.19046640e-01, ...,
         1.06904380e-01, 1.00332342e-01, 9.64330509e-02],
        [1.81826472e-01, 1.61210775e-01, 1.90541133e-01, ...,
         6.22445233e-02, 6.00776859e-02, 5.89192212e-02]]]), array([[[4.78258058e-13, 5.80267605e-11, 8.74676109e-10, ...,
         8.94002616e-03, 1.05516845e-02, 1.22361220e-02],
        [1.32333304e-12, 1.52857990e-10, 1.70917525e-09, ...,
         8.94002616e-03, 1.05516845e-02, 1.22361220e-02],
        [3.69612630e-12, 3.78761883e-10, 3.49337204e-09, ...,
         8.94002616e-03, 1.05516845e-02, 1.22361220e-02],
        ...,
        [8.62628531e-06, 4.16857132e-04, 1.28821691e-03, ...,
         3.60707343e-02, 3.69321033e-02, 3.77517417e-02],
        [7.33667139e-06, 2.32440842e-04, 1.34960702e-03, ...,
         4.06477079e-02, 4.15817834e-02, 4.22934182e-02],
        [2.29727380e-06, 1.54060865e-04, 7.00262666e-04, ...,
         3.15615609e-02, 3.25844847e-02, 3.32078375e-02]],

       [[1.69829721e-12, 1.53007995e-10, 2.76219314e-09, ...,
         1.20454663e-02, 1.38539542e-02, 1.56841818e-02],
        [4.67976439e-12, 3.89057564e-10, 4.87134733e-09, ...,
         1.20454663e-02, 1.38539542e-02, 1.56841818e-02],
        [1.28063289e-11, 9.97077199e-10, 9.75272485e-09, ...,
         1.20454663e-02, 1.38539542e-02, 1.56841818e-02],
        ...,
        [2.01411585e-05, 1.60731073e-03, 3.79630690e-03, ...,
         4.04701456e-02, 4.14165407e-02, 4.23358791e-02],
        [1.46916682e-05, 1.07527152e-03, 3.90909938e-03, ...,
         4.43481840e-02, 4.51736189e-02, 4.58879918e-02],
        [5.14653311e-06, 6.66302803e-04, 2.06265599e-03, ...,
         3.44372317e-02, 3.53522860e-02, 3.56284901e-02]],

       [[5.21982371e-12, 3.12683629e-10, 6.66512179e-09, ...,
         1.51613252e-02, 1.72583926e-02, 1.93047561e-02],
        [1.38974535e-11, 7.52856555e-10, 1.10961045e-08, ...,
         1.51613252e-02, 1.72583926e-02, 1.93047561e-02],
        [3.83931185e-11, 1.88449434e-09, 1.97529459e-08, ...,
         1.51613252e-02, 1.72583926e-02, 1.93047561e-02],
        ...,
        [5.02300245e-05, 2.48751324e-03, 5.56822307e-03, ...,
         4.47052903e-02, 4.52820957e-02, 4.59197387e-02],
        [3.01614473e-05, 1.85810553e-03, 5.80228213e-03, ...,
         4.72192205e-02, 4.79536951e-02, 4.85238433e-02],
        [1.17183017e-05, 9.96922143e-04, 3.10247997e-03, ...,
         3.60971019e-02, 3.67872417e-02, 3.74152400e-02]],

       ...,

       [[3.71225498e-04, 6.93632364e-02, 2.17893466e-01, ...,
         2.94569790e-01, 2.76580215e-01, 2.60482073e-01],
        [3.71597242e-04, 6.93782270e-02, 2.18143448e-01, ...,
         2.94569790e-01, 2.76580215e-01, 2.60482073e-01],
        [3.75012838e-04, 6.93595484e-02, 2.18189791e-01, ...,
         2.94569790e-01, 2.76580244e-01, 2.60482073e-01],
        ...,
        [9.54305530e-02, 2.42360502e-01, 2.94527262e-01, ...,
         1.58184156e-01, 1.49627522e-01, 1.43089727e-01],
        [4.10395376e-02, 1.63973287e-01, 1.91068083e-01, ...,
         1.21346228e-01, 1.16226792e-01, 1.12363257e-01],
        [1.59551874e-02, 6.96164891e-02, 8.49643722e-02, ...,
         8.32643509e-02, 8.10191631e-02, 7.86989853e-02]],

       [[4.98582646e-02, 5.71122169e-01, 9.79013741e-01, ...,
         5.00433445e-01, 4.55940306e-01, 4.15816814e-01],
        [4.98329401e-02, 5.71231723e-01, 9.79289353e-01, ...,
         5.00433445e-01, 4.55940306e-01, 4.15816814e-01],
        [4.98510711e-02, 5.71219921e-01, 9.79445994e-01, ...,
         5.00433445e-01, 4.55940306e-01, 4.15816814e-01],
        ...,
        [2.75180340e-01, 3.95630181e-01, 4.08788443e-01, ...,
         1.96525127e-01, 1.84220210e-01, 1.73033372e-01],
        [1.33372247e-01, 2.10703537e-01, 2.37765431e-01, ...,
         1.41436681e-01, 1.34552494e-01, 1.28195331e-01],
        [4.53400798e-02, 8.29296485e-02, 1.03842378e-01, ...,
         8.95677507e-02, 8.58817324e-02, 8.30352008e-02]],

       [[2.63992071e+00, 5.35510540e+00, 6.44507313e+00, ...,
         1.01419640e+00, 8.93168032e-01, 7.93737292e-01],
        [2.63941360e+00, 5.35874844e+00, 6.44551420e+00, ...,
         1.01419640e+00, 8.93168032e-01, 7.93737292e-01],
        [2.63733363e+00, 5.36573029e+00, 6.44499540e+00, ...,
         1.01419640e+00, 8.93168032e-01, 7.93737292e-01],
        ...,
        [5.19119084e-01, 5.74970067e-01, 6.40564024e-01, ...,
         2.59059787e-01, 2.40001246e-01, 2.22647488e-01],
        [2.19803780e-01, 2.50202656e-01, 3.00816834e-01, ...,
         1.66172162e-01, 1.57125071e-01, 1.48895875e-01],
        [8.07508230e-02, 9.61231589e-02, 1.23046413e-01, ...,
         9.52120870e-02, 9.11015049e-02, 8.74356702e-02]]]), array([[[1.92187195e-13, 1.34529558e-11, 4.37783199e-10, ...,
         1.09634446e-02, 1.30734062e-02, 1.52785731e-02],
        [5.06928050e-13, 3.29936495e-11, 7.47876094e-10, ...,
         1.09634446e-02, 1.30734062e-02, 1.52785731e-02],
        [1.41359732e-12, 7.47587894e-11, 1.46494228e-09, ...,
         1.09634446e-02, 1.30734062e-02, 1.52785731e-02],
        ...,
        [1.64031337e-06, 6.89208391e-05, 2.85059592e-04, ...,
         3.70745957e-02, 3.92107368e-02, 4.12451066e-02],
        [1.32593163e-06, 6.96165444e-05, 2.65722862e-04, ...,
         4.10413928e-02, 4.30635326e-02, 4.46446426e-02],
        [4.06722563e-07, 3.44036889e-05, 1.34332964e-04, ...,
         3.24663445e-02, 3.41696069e-02, 3.57138738e-02]],

       [[7.06186574e-13, 4.82453036e-11, 1.30040945e-09, ...,
         1.47170946e-02, 1.69998072e-02, 1.92726646e-02],
        [1.63574764e-12, 1.18417165e-10, 2.13995399e-09, ...,
         1.47170946e-02, 1.69998072e-02, 1.92726646e-02],
        [4.54446506e-12, 2.96454972e-10, 3.77601062e-09, ...,
         1.47170946e-02, 1.69998072e-02, 1.92726646e-02],
        ...,
        [6.44367674e-06, 3.64918727e-04, 6.62127684e-04, ...,
         4.18842584e-02, 4.41980548e-02, 4.59559932e-02],
        [6.01172815e-06, 2.80126376e-04, 5.84437104e-04, ...,
         4.42751497e-02, 4.63255011e-02, 4.80730608e-02],
        [1.92388802e-06, 1.32385350e-04, 2.97308346e-04, ...,
         3.53612080e-02, 3.70939113e-02, 3.85260992e-02]],

       [[2.44957483e-12, 1.04471022e-10, 3.37297656e-09, ...,
         1.80694442e-02, 2.05670670e-02, 2.30592191e-02],
        [6.39738219e-12, 2.58674859e-10, 4.95956476e-09, ...,
         1.80694442e-02, 2.05670670e-02, 2.30592191e-02],
        [1.73886409e-11, 6.43632092e-10, 8.21447532e-09, ...,
         1.80694442e-02, 2.05670670e-02, 2.30592191e-02],
        ...,
        [1.92863608e-05, 6.12916891e-04, 1.17376435e-03, ...,
         4.65311147e-02, 4.85839956e-02, 5.03955595e-02],
        [1.56192928e-05, 4.18386509e-04, 9.82242404e-04, ...,
         4.73063029e-02, 4.93984558e-02, 5.13707325e-02],
        [4.50752532e-06, 1.97157846e-04, 5.34983410e-04, ...,
         3.77271362e-02, 3.95320989e-02, 4.10461351e-02]],

       ...,

       [[7.56609224e-05, 1.61753073e-02, 6.08772226e-02, ...,
         2.69685149e-01, 2.59706885e-01, 2.48637170e-01],
        [7.61073825e-05, 1.61798969e-02, 6.08840957e-02, ...,
         2.69685149e-01, 2.59706885e-01, 2.48637170e-01],
        [7.74735381e-05, 1.61909163e-02, 6.08902052e-02, ...,
         2.69685149e-01, 2.59706885e-01, 2.48637170e-01],
        ...,
        [5.81856743e-02, 4.72028255e-02, 6.31809980e-02, ...,
         1.47513494e-01, 1.42426044e-01, 1.37631029e-01],
        [2.79254001e-02, 2.61534881e-02, 3.93210091e-02, ...,
         1.19909659e-01, 1.16046473e-01, 1.12289183e-01],
        [9.63109825e-03, 1.02895927e-02, 1.82885956e-02, ...,
         8.14941898e-02, 8.07683021e-02, 7.95223787e-02]],

       [[1.12524470e-02, 1.34695232e-01, 3.07181120e-01, ...,
         4.33872521e-01, 4.06899929e-01, 3.81031960e-01],
        [1.12585137e-02, 1.34590000e-01, 3.07310849e-01, ...,
         4.33872521e-01, 4.06899929e-01, 3.81031960e-01],
        [1.12673836e-02, 1.34589031e-01, 3.07351321e-01, ...,
         4.33872521e-01, 4.06899929e-01, 3.81031960e-01],
        ...,
        [7.72457421e-02, 6.55704439e-02, 7.80276582e-02, ...,
         1.89318344e-01, 1.80084467e-01, 1.74173862e-01],
        [3.65550295e-02, 3.18551734e-02, 4.84659970e-02, ...,
         1.33146182e-01, 1.29384220e-01, 1.24103904e-01],
        [1.21102072e-02, 1.24621391e-02, 2.27053389e-02, ...,
         8.64256322e-02, 8.42561722e-02, 8.27763081e-02]],

       [[1.38778162e+00, 1.43611383e+00, 1.23226190e+00, ...,
         9.08416152e-01, 8.17287266e-01, 7.44674981e-01],
        [1.38737535e+00, 1.43621135e+00, 1.23221922e+00, ...,
         9.08416152e-01, 8.17287266e-01, 7.44674981e-01],
        [1.38685179e+00, 1.43568599e+00, 1.23203480e+00, ...,
         9.08416152e-01, 8.17287266e-01, 7.44674981e-01],
        ...,
        [1.13761038e-01, 9.07870904e-02, 1.23293266e-01, ...,
         2.35751271e-01, 2.25106522e-01, 2.17451796e-01],
        [4.72368710e-02, 4.24178019e-02, 7.27868155e-02, ...,
         1.51378036e-01, 1.44706473e-01, 1.39574394e-01],
        [1.76052414e-02, 1.50853442e-02, 3.46182622e-02, ...,
         9.38355103e-02, 8.97972286e-02, 8.64594802e-02]]]), array([[[9.76600358e-15, 3.27966864e-12, 1.28432986e-10, ...,
         1.28576318e-02, 1.54081704e-02, 1.80491097e-02],
        [2.58032646e-14, 8.02716400e-12, 2.47673021e-10, ...,
         1.28576318e-02, 1.54081704e-02, 1.80491097e-02],
        [7.17900403e-14, 1.96428689e-11, 5.26264532e-10, ...,
         1.28576318e-02, 1.54081704e-02, 1.80491097e-02],
        ...,
        [1.82531693e-07, 2.76086066e-05, 1.32146160e-04, ...,
         3.93177941e-02, 4.23333384e-02, 4.55634147e-02],
        [1.17475338e-07, 3.89934139e-05, 1.60980519e-04, ...,
         4.15647402e-02, 4.46224287e-02, 4.74544652e-02],
        [1.40171025e-07, 2.46324471e-05, 8.88906434e-05, ...,
         3.47337164e-02, 3.74467038e-02, 3.99018154e-02]],

       [[6.34827342e-14, 8.46138437e-12, 4.34777714e-10, ...,
         1.69000663e-02, 1.96953565e-02, 2.26892792e-02],
        [1.61618819e-13, 1.97538149e-11, 6.91818769e-10, ...,
         1.69000663e-02, 1.96953565e-02, 2.26892792e-02],
        [4.45959675e-13, 4.82963287e-11, 1.21864951e-09, ...,
         1.69000663e-02, 1.96953565e-02, 2.26892792e-02],
        ...,
        [6.31665444e-07, 6.52490635e-05, 2.54023471e-04, ...,
         4.37541120e-02, 4.70553711e-02, 5.00768423e-02],
        [3.95827811e-07, 6.60520673e-05, 2.47121265e-04, ...,
         4.50874195e-02, 4.82497625e-02, 5.12162484e-02],
        [2.54491823e-07, 3.22279520e-05, 1.41788682e-04, ...,
         3.59862037e-02, 3.86492535e-02, 4.11262177e-02]],

       [[1.77702498e-13, 2.05029708e-11, 1.18402621e-09, ...,
         2.04476845e-02, 2.36564782e-02, 2.69164089e-02],
        [4.65154391e-13, 4.78164904e-11, 1.69080894e-09, ...,
         2.04476845e-02, 2.36564782e-02, 2.69164089e-02],
        [1.27026655e-12, 1.14789039e-10, 2.64489874e-09, ...,
         2.04476845e-02, 2.36564782e-02, 2.69164089e-02],
        ...,
        [1.89694424e-06, 1.08893124e-04, 4.40541189e-04, ...,
         4.66380492e-02, 5.00461273e-02, 5.31084687e-02],
        [9.54016059e-07, 8.44711903e-05, 3.68038018e-04, ...,
         4.70208786e-02, 5.02647944e-02, 5.32898568e-02],
        [4.65023220e-07, 4.43911376e-05, 1.91519954e-04, ...,
         3.68688814e-02, 3.97183485e-02, 4.22948189e-02]],

       ...,

       [[6.31497824e-06, 2.87664915e-03, 1.47194527e-02, ...,
         2.15601146e-01, 2.14530826e-01, 2.12449327e-01],
        [6.42793157e-06, 2.87726172e-03, 1.47225894e-02, ...,
         2.15601146e-01, 2.14530826e-01, 2.12449327e-01],
        [6.79313234e-06, 2.87821447e-03, 1.47242630e-02, ...,
         2.15601146e-01, 2.14530826e-01, 2.12449327e-01],
        ...,
        [1.27002606e-02, 1.92966349e-02, 2.25276332e-02, ...,
         1.20377712e-01, 1.23218007e-01, 1.23498961e-01],
        [7.27042882e-03, 1.07071344e-02, 1.27871148e-02, ...,
         9.18720737e-02, 9.41438451e-02, 9.58105400e-02],
        [3.06694000e-03, 4.78150556e-03, 5.71989128e-03, ...,
         6.34862855e-02, 6.57535270e-02, 6.75629973e-02]],

       [[2.69656116e-03, 3.58623639e-02, 6.92349598e-02, ...,
         3.24133903e-01, 3.17366868e-01, 3.08253825e-01],
        [2.69653159e-03, 3.58599275e-02, 6.92576766e-02, ...,
         3.24133962e-01, 3.17366868e-01, 3.08253825e-01],
        [2.69954372e-03, 3.58632058e-02, 6.92629889e-02, ...,
         3.24133962e-01, 3.17366868e-01, 3.08253825e-01],
        ...,
        [2.18693241e-02, 2.77992859e-02, 2.90855747e-02, ...,
         1.48877740e-01, 1.48478404e-01, 1.47021413e-01],
        [1.06284088e-02, 1.41022215e-02, 1.51710631e-02, ...,
         1.05835564e-01, 1.07137002e-01, 1.06790297e-01],
        [4.03247308e-03, 6.08589267e-03, 6.82735117e-03, ...,
         7.02949315e-02, 7.19875619e-02, 7.30698481e-02]],

       [[2.37591937e-01, 5.40650249e-01, 5.68531990e-01, ...,
         5.81845224e-01, 5.53297400e-01, 5.25767803e-01],
        [2.37587214e-01, 5.40707469e-01, 5.68511784e-01, ...,
         5.81845224e-01, 5.53297400e-01, 5.25767803e-01],
        [2.37705037e-01, 5.40718734e-01, 5.68635106e-01, ...,
         5.81845224e-01, 5.53297400e-01, 5.25767803e-01],
        ...,
        [3.12071387e-02, 3.72805633e-02, 3.62785347e-02, ...,
         1.87754184e-01, 1.83779418e-01, 1.82777479e-01],
        [1.29810693e-02, 1.76548846e-02, 1.84891224e-02, ...,
         1.27492800e-01, 1.27224177e-01, 1.24836266e-01],
        [4.85283462e-03, 7.18231732e-03, 7.98257999e-03, ...,
         8.06250647e-02, 8.09281543e-02, 8.08100328e-02]]]), array([[[1.84730152e-18, 5.79837353e-14, 2.14720533e-11, ...,
         1.21827228e-02, 1.47398189e-02, 1.72876865e-02],
        [4.63637049e-18, 1.36325359e-13, 2.97448594e-11, ...,
         1.21827228e-02, 1.47398189e-02, 1.72876865e-02],
        [1.28111070e-17, 3.37815903e-13, 4.82119414e-11, ...,
         1.21827228e-02, 1.47398189e-02, 1.72876865e-02],
        ...,
        [2.88752511e-11, 2.39962930e-07, 8.31850502e-06, ...,
         3.26468088e-02, 3.63973491e-02, 3.99180204e-02],
        [2.56262130e-11, 2.53614616e-07, 8.85997815e-06, ...,
         3.34413163e-02, 3.73590104e-02, 4.11222130e-02],
        [9.40837772e-12, 1.05115163e-07, 4.66969595e-06, ...,
         2.71574464e-02, 3.03034727e-02, 3.33633833e-02]],

       [[2.07166011e-17, 1.78960511e-13, 7.32563732e-11, ...,
         1.53914690e-02, 1.83231216e-02, 2.13234536e-02],
        [3.14407480e-17, 4.11294750e-13, 9.92874116e-11, ...,
         1.53914690e-02, 1.83231216e-02, 2.13234536e-02],
        [8.62596648e-17, 9.42221453e-13, 1.45549198e-10, ...,
         1.53914690e-02, 1.83231216e-02, 2.13234536e-02],
        ...,
        [1.14318451e-10, 6.55308327e-07, 1.30397975e-05, ...,
         3.53397168e-02, 3.90733480e-02, 4.26746272e-02],
        [1.16988572e-10, 7.89015928e-07, 1.35660302e-05, ...,
         3.53637636e-02, 3.92358229e-02, 4.27551344e-02],
        [3.81645271e-11, 3.38271974e-07, 7.55496376e-06, ...,
         2.81578824e-02, 3.12865525e-02, 3.45400237e-02]],

       [[1.28505618e-16, 5.02109422e-13, 2.22394700e-10, ...,
         1.81617104e-02, 2.13807393e-02, 2.46907622e-02],
        [2.77830804e-16, 1.12330512e-12, 2.75097750e-10, ...,
         1.81617104e-02, 2.13807393e-02, 2.46907622e-02],
        [7.60177924e-16, 2.60360418e-12, 3.72507025e-10, ...,
         1.81617104e-02, 2.13807393e-02, 2.46907622e-02],
        ...,
        [5.22204724e-10, 1.42448960e-06, 1.84396285e-05, ...,
         3.77692878e-02, 4.16943021e-02, 4.53699566e-02],
        [5.56018620e-10, 1.37510335e-06, 1.74369652e-05, ...,
         3.71838436e-02, 4.09332141e-02, 4.46419716e-02],
        [1.36198691e-10, 6.54489156e-07, 9.98983342e-06, ...,
         2.91645359e-02, 3.25964391e-02, 3.57260965e-02]],

       ...,

       [[4.43614141e-08, 1.34018410e-04, 1.84491242e-03, ...,
         1.48659453e-01, 1.51639611e-01, 1.54462010e-01],
        [4.62553835e-08, 1.34044152e-04, 1.84598169e-03, ...,
         1.48659453e-01, 1.51639611e-01, 1.54462010e-01],
        [5.21943448e-08, 1.34039728e-04, 1.84666354e-03, ...,
         1.48659453e-01, 1.51639611e-01, 1.54462010e-01],
        ...,
        [2.72341626e-04, 1.15665619e-03, 2.54025939e-03, ...,
         8.51306841e-02, 8.96504149e-02, 9.29680392e-02],
        [1.38222240e-04, 7.13894435e-04, 1.77723542e-03, ...,
         7.04814121e-02, 7.41555989e-02, 7.75911361e-02],
        [5.58481115e-05, 3.19346058e-04, 8.69727926e-04, ...,
         5.02455235e-02, 5.32593466e-02, 5.61669506e-02]],

       [[1.94790864e-05, 2.03436078e-03, 9.30523872e-03, ...,
         1.96157187e-01, 1.98812187e-01, 2.01953456e-01],
        [1.94960703e-05, 2.03508488e-03, 9.30900220e-03, ...,
         1.96157202e-01, 1.98812187e-01, 2.01953456e-01],
        [1.95101529e-05, 2.03485368e-03, 9.30814631e-03, ...,
         1.96157202e-01, 1.98812187e-01, 2.01953456e-01],
        ...,
        [4.67888924e-04, 1.50035240e-03, 3.89268575e-03, ...,
         9.72701237e-02, 1.01887539e-01, 1.05486698e-01],
        [2.21157126e-04, 8.96657875e-04, 2.36954447e-03, ...,
         7.73558766e-02, 8.14618766e-02, 8.43330473e-02],
        [9.21140308e-05, 3.94895440e-04, 1.11699710e-03, ...,
         5.31748682e-02, 5.63624576e-02, 5.90941459e-02]],

       [[4.42996994e-03, 2.87018213e-02, 5.51736765e-02, ...,
         3.17756623e-01, 3.16856742e-01, 3.15303028e-01],
        [4.42970032e-03, 2.87112296e-02, 5.51821925e-02, ...,
         3.17756623e-01, 3.16856742e-01, 3.15303028e-01],
        [4.42396244e-03, 2.87083350e-02, 5.51862568e-02, ...,
         3.17756623e-01, 3.16856742e-01, 3.15303028e-01],
        ...,
        [7.57475093e-04, 3.37591534e-03, 9.17386450e-03, ...,
         1.13221817e-01, 1.18510172e-01, 1.21634185e-01],
        [3.80576937e-04, 1.89827476e-03, 5.78006683e-03, ...,
         8.42855051e-02, 8.81068483e-02, 9.10762474e-02],
        [1.61395859e-04, 8.13134771e-04, 2.60691135e-03, ...,
         5.64927161e-02, 5.98879047e-02, 6.28448203e-02]]]), array([[[3.82170936e-19, 1.23983219e-14, 6.25239530e-12, ...,
         1.22864628e-02, 1.48147363e-02, 1.77520867e-02],
        [9.88095986e-19, 3.05202708e-14, 8.59768767e-12, ...,
         1.22864628e-02, 1.48147363e-02, 1.77520867e-02],
        [2.74685609e-18, 7.82187425e-14, 1.25881094e-11, ...,
         1.22864628e-02, 1.48147363e-02, 1.77520867e-02],
        ...,
        [8.91875549e-12, 1.00066401e-07, 1.43747991e-06, ...,
         2.69244388e-02, 3.11534852e-02, 3.55091169e-02],
        [9.62428661e-12, 8.74811050e-08, 1.78858170e-06, ...,
         2.70623155e-02, 3.12634781e-02, 3.54943052e-02],
        [7.33079136e-12, 4.37894379e-08, 1.14963029e-06, ...,
         2.13692263e-02, 2.48514693e-02, 2.85296049e-02]],

       [[1.23259341e-18, 2.84013213e-14, 2.20216848e-11, ...,
         1.53241800e-02, 1.85523666e-02, 2.19241306e-02],
        [3.06706370e-18, 6.80327376e-14, 2.61974244e-11, ...,
         1.53241800e-02, 1.85523666e-02, 2.19241306e-02],
        [8.30603320e-18, 1.65700881e-13, 3.49899415e-11, ...,
         1.53241800e-02, 1.85523666e-02, 2.19241306e-02],
        ...,
        [1.63857834e-11, 1.35191485e-07, 2.79131609e-06, ...,
         2.93865595e-02, 3.37096155e-02, 3.80312130e-02],
        [1.96970912e-11, 1.51640663e-07, 2.83880081e-06, ...,
         2.90300548e-02, 3.34213711e-02, 3.76940593e-02],
        [9.05348799e-12, 7.48349080e-08, 1.54728957e-06, ...,
         2.27736849e-02, 2.62822621e-02, 2.98910849e-02]],

       [[4.02131745e-18, 5.71581153e-14, 6.23345403e-11, ...,
         1.77547354e-02, 2.12554689e-02, 2.49526724e-02],
        [9.87014406e-18, 1.31265428e-13, 6.97611274e-11, ...,
         1.77547354e-02, 2.12554689e-02, 2.49526724e-02],
        [2.55931700e-17, 3.14846700e-13, 8.37878517e-11, ...,
         1.77547354e-02, 2.12554689e-02, 2.49526724e-02],
        ...,
        [4.14094349e-11, 2.22048854e-07, 3.99925329e-06, ...,
         3.13384384e-02, 3.58240902e-02, 4.03008536e-02],
        [3.72128058e-11, 2.16310994e-07, 4.03118293e-06, ...,
         3.06510162e-02, 3.50183398e-02, 3.93607467e-02],
        [1.27819396e-11, 9.84395143e-08, 2.08620190e-06, ...,
         2.37216502e-02, 2.73729153e-02, 3.08961309e-02]],

       ...,

       [[1.47403659e-10, 5.40889550e-06, 1.32656773e-04, ...,
         1.07329011e-01, 1.14636697e-01, 1.20427310e-01],
        [1.83590101e-10, 5.40798692e-06, 1.32665620e-04, ...,
         1.07329011e-01, 1.14636697e-01, 1.20427310e-01],
        [2.42640019e-10, 5.41033160e-06, 1.32653993e-04, ...,
         1.07329011e-01, 1.14636697e-01, 1.20427310e-01],
        ...,
        [3.45756371e-06, 1.97646041e-05, 1.35708673e-04, ...,
         6.46529719e-02, 7.06378892e-02, 7.60095343e-02],
        [1.60487684e-06, 1.29893378e-05, 8.72679011e-05, ...,
         5.34419566e-02, 5.87806739e-02, 6.36190698e-02],
        [5.01408977e-07, 6.01118154e-06, 4.42973796e-05, ...,
         3.90550606e-02, 4.32815477e-02, 4.72375005e-02]],

       [[3.69853730e-08, 5.02688890e-05, 4.76341054e-04, ...,
         1.34199932e-01, 1.41225621e-01, 1.46403298e-01],
        [3.69517714e-08, 5.02901930e-05, 4.76350600e-04, ...,
         1.34199932e-01, 1.41225621e-01, 1.46403298e-01],
        [3.71958464e-08, 5.02781913e-05, 4.76431276e-04, ...,
         1.34199932e-01, 1.41225621e-01, 1.46403298e-01],
        ...,
        [6.84620863e-06, 3.32892378e-05, 2.02052135e-04, ...,
         7.17423707e-02, 7.74811506e-02, 8.28726962e-02],
        [3.96884025e-06, 1.72944383e-05, 1.14162860e-04, ...,
         5.89457527e-02, 6.41896576e-02, 6.90766647e-02],
        [9.87894850e-07, 7.92633091e-06, 5.26103795e-05, ...,
         4.19949628e-02, 4.60817106e-02, 5.00508323e-02]],

       [[5.84896370e-05, 5.84513356e-04, 2.81394366e-03, ...,
         1.80395573e-01, 1.91116557e-01, 1.96898624e-01],
        [5.85007547e-05, 5.84496884e-04, 2.81350641e-03, ...,
         1.80395573e-01, 1.91116557e-01, 1.96898624e-01],
        [5.85046873e-05, 5.84070745e-04, 2.81340070e-03, ...,
         1.80395573e-01, 1.91116557e-01, 1.96898624e-01],
        ...,
        [1.24734106e-05, 6.93622060e-05, 3.13606608e-04, ...,
         8.18544701e-02, 8.81377682e-02, 9.35319811e-02],
        [5.38221320e-06, 3.57735407e-05, 1.61078351e-04, ...,
         6.66328892e-02, 7.13769197e-02, 7.56106079e-02],
        [1.99134820e-06, 1.36242143e-05, 7.17333678e-05, ...,
         4.83196713e-02, 5.22113368e-02, 5.57427891e-02]]]), array([[[2.36744625e-21, 1.11512830e-15, 1.39395559e-12, ...,
         1.01417257e-02, 1.26476064e-02, 1.53765734e-02],
        [3.42882197e-21, 2.63315396e-15, 1.82418837e-12, ...,
         1.01417257e-02, 1.26476064e-02, 1.53765734e-02],
        [9.42062025e-21, 6.37239107e-15, 2.50101177e-12, ...,
         1.01417257e-02, 1.26476074e-02, 1.53765734e-02],
        ...,
        [1.18417078e-14, 6.16680707e-09, 3.09619026e-07, ...,
         1.96477491e-02, 2.36624982e-02, 2.78163385e-02],
        [1.30514835e-14, 7.25024396e-09, 3.27249353e-07, ...,
         1.90372039e-02, 2.29696110e-02, 2.70643141e-02],
        [5.49749794e-15, 4.22905266e-09, 1.70220488e-07, ...,
         1.49300275e-02, 1.82099976e-02, 2.16238629e-02]],

       [[5.92385202e-20, 4.89692532e-15, 4.71804540e-12, ...,
         1.25309518e-02, 1.55176297e-02, 1.86689161e-02],
        [5.88133623e-20, 1.03299471e-14, 5.50705618e-12, ...,
         1.25309518e-02, 1.55176297e-02, 1.86689161e-02],
        [1.39453862e-19, 2.20072492e-14, 7.16191082e-12, ...,
         1.25309518e-02, 1.55176297e-02, 1.86689161e-02],
        ...,
        [3.23927869e-13, 1.00565662e-08, 4.49566500e-07, ...,
         2.11009476e-02, 2.53039431e-02, 2.95748878e-02],
        [1.49483236e-13, 1.20740777e-08, 4.97355131e-07, ...,
         2.04432011e-02, 2.44280491e-02, 2.84427404e-02],
        [1.21219102e-13, 5.64834757e-09, 2.94169922e-07, ...,
         1.61906127e-02, 1.93733163e-02, 2.26986241e-02]],

       [[8.88040116e-19, 1.46366463e-14, 1.32042346e-11, ...,
         1.45028625e-02, 1.78168435e-02, 2.13246141e-02],
        [4.38334949e-19, 3.11706261e-14, 1.49200322e-11, ...,
         1.45028625e-02, 1.78168435e-02, 2.13246141e-02],
        [1.13931308e-18, 6.88156807e-14, 1.80259089e-11, ...,
         1.45028625e-02, 1.78168435e-02, 2.13246141e-02],
        ...,
        [1.38886765e-12, 2.14743245e-08, 6.88463103e-07, ...,
         2.25549694e-02, 2.68076491e-02, 3.11545227e-02],
        [5.72005984e-12, 2.01142694e-08, 6.23829351e-07, ...,
         2.16497630e-02, 2.57644393e-02, 3.00179087e-02],
        [1.42185385e-12, 1.18396750e-08, 3.69537133e-07, ...,
         1.67777203e-02, 2.00142749e-02, 2.33892109e-02]],

       ...,

       [[8.36323996e-11, 1.05474385e-06, 2.63462716e-05, ...,
         7.06025884e-02, 7.79616982e-02, 8.49606469e-02],
        [1.42839490e-10, 1.05443678e-06, 2.63480961e-05, ...,
         7.06025884e-02, 7.79616982e-02, 8.49606469e-02],
        [2.76199758e-10, 1.05479580e-06, 2.63478032e-05, ...,
         7.06025884e-02, 7.79616982e-02, 8.49606469e-02],
        ...,
        [8.42202007e-06, 1.17989730e-05, 2.36058750e-05, ...,
         4.44635972e-02, 5.04101142e-02, 5.59593365e-02],
        [4.34210460e-06, 6.20249466e-06, 1.39886306e-05, ...,
         3.83961238e-02, 4.34423760e-02, 4.84509692e-02],
        [1.67464782e-06, 2.58701994e-06, 7.27841871e-06, ...,
         2.83768158e-02, 3.24565284e-02, 3.64297293e-02]],

       [[1.25610029e-07, 2.17975030e-05, 1.13931266e-04, ...,
         8.63387510e-02, 9.41242799e-02, 1.01512991e-01],
        [1.25909949e-07, 2.17960842e-05, 1.13950875e-04, ...,
         8.63387510e-02, 9.41242799e-02, 1.01512991e-01],
        [1.26583160e-07, 2.17871548e-05, 1.13945411e-04, ...,
         8.63387510e-02, 9.41242799e-02, 1.01512991e-01],
        ...,
        [1.21345875e-05, 1.42467206e-05, 2.85050373e-05, ...,
         4.82698269e-02, 5.42382970e-02, 6.01136722e-02],
        [5.29980070e-06, 7.00513056e-06, 1.80887782e-05, ...,
         4.11927253e-02, 4.64451090e-02, 5.13146371e-02],
        [2.04308549e-06, 3.19373248e-06, 9.24218875e-06, ...,
         3.05158123e-02, 3.46550234e-02, 3.86265926e-02]],

       [[1.10786263e-04, 3.42593965e-04, 5.01020579e-04, ...,
         1.14477880e-01, 1.23052411e-01, 1.30071759e-01],
        [1.10747227e-04, 3.42546176e-04, 5.01120347e-04, ...,
         1.14477880e-01, 1.23052411e-01, 1.30071759e-01],
        [1.10796303e-04, 3.42415413e-04, 5.01175702e-04, ...,
         1.14477880e-01, 1.23052411e-01, 1.30071759e-01],
        ...,
        [1.76356098e-05, 1.69181112e-05, 4.53489083e-05, ...,
         5.65468222e-02, 6.28307834e-02, 6.87387139e-02],
        [7.24774145e-06, 7.90922331e-06, 2.56935200e-05, ...,
         4.70659547e-02, 5.27081601e-02, 5.80650121e-02],
        [2.67077098e-06, 3.41664304e-06, 1.26374198e-05, ...,
         3.39613222e-02, 3.81686389e-02, 4.23017107e-02]]]), array([[[1.34073628e-21, 8.79055293e-16, 4.85469304e-13, ...,
         8.65032151e-03, 1.10498313e-02, 1.37819983e-02],
        [3.02419938e-21, 2.21109544e-15, 7.02113335e-13, ...,
         8.65032151e-03, 1.10498313e-02, 1.37819983e-02],
        [8.41201485e-21, 5.65741225e-15, 1.10787996e-12, ...,
         8.65032151e-03, 1.10498313e-02, 1.37819983e-02],
        ...,
        [8.87567201e-15, 7.58032126e-09, 3.03598569e-07, ...,
         1.45879928e-02, 1.79327037e-02, 2.15220693e-02],
        [1.11748862e-14, 9.27629262e-09, 2.81215051e-07, ...,
         1.44018000e-02, 1.76491607e-02, 2.11590622e-02],
        [1.00048770e-14, 4.71475703e-09, 1.58333620e-07, ...,
         1.13301398e-02, 1.39407013e-02, 1.67746488e-02]],

       [[1.78060789e-20, 2.22645744e-15, 1.62544641e-12, ...,
         1.03120310e-02, 1.30703086e-02, 1.61222704e-02],
        [7.80395633e-21, 5.18293235e-15, 2.10976787e-12, ...,
         1.03120310e-02, 1.30703086e-02, 1.61222704e-02],
        [2.13002691e-20, 1.23940105e-14, 3.06336987e-12, ...,
         1.03120310e-02, 1.30703086e-02, 1.61222704e-02],
        ...,
        [3.29323835e-14, 1.30323885e-08, 3.56317997e-07, ...,
         1.56330802e-02, 1.91637650e-02, 2.29896661e-02],
        [1.01441425e-13, 1.43705483e-08, 3.36399808e-07, ...,
         1.51450634e-02, 1.85818002e-02, 2.22174171e-02],
        [1.23185763e-13, 7.12110060e-09, 2.04466517e-07, ...,
         1.18431998e-02, 1.45951435e-02, 1.75753571e-02]],

       [[2.72639247e-19, 5.34503455e-15, 4.33493259e-12, ...,
         1.16672097e-02, 1.46766296e-02, 1.79632604e-02],
        [1.44531045e-19, 1.22352122e-14, 5.32137138e-12, ...,
         1.16672097e-02, 1.46766296e-02, 1.79632604e-02],
        [3.70258838e-19, 2.86947386e-14, 7.21921481e-12, ...,
         1.16672097e-02, 1.46766296e-02, 1.79632604e-02],
        ...,
        [6.96302553e-13, 1.98017673e-08, 4.44485892e-07, ...,
         1.66045371e-02, 2.03405246e-02, 2.43708361e-02],
        [1.94927451e-12, 1.77734467e-08, 4.90114587e-07, ...,
         1.58412158e-02, 1.93829350e-02, 2.31840536e-02],
        [1.29819181e-12, 8.61730243e-09, 3.26021166e-07, ...,
         1.23462360e-02, 1.52244698e-02, 1.83140542e-02]],

       ...,

       [[8.49253168e-11, 6.68488497e-07, 1.48734343e-05, ...,
         4.56520058e-02, 5.23741581e-02, 5.89741021e-02],
        [1.60116878e-10, 6.68030850e-07, 1.48776535e-05, ...,
         4.56520058e-02, 5.23741581e-02, 5.89741021e-02],
        [3.24451993e-10, 6.67987308e-07, 1.48736372e-05, ...,
         4.56520058e-02, 5.23741581e-02, 5.89741021e-02],
        ...,
        [1.16004530e-05, 1.18755825e-05, 2.48457582e-05, ...,
         3.04948464e-02, 3.58121470e-02, 4.10687067e-02],
        [6.49515459e-06, 6.71368343e-06, 1.63276673e-05, ...,
         2.62782108e-02, 3.09987292e-02, 3.58474366e-02],
        [2.48733727e-06, 3.10651308e-06, 7.76180696e-06, ...,
         1.96224470e-02, 2.32739151e-02, 2.70659551e-02]],

       [[1.06883292e-07, 1.24264016e-05, 1.02083366e-04, ...,
         5.47075011e-02, 6.20177835e-02, 6.89625591e-02],
        [1.07045324e-07, 1.24317576e-05, 1.02076345e-04, ...,
         5.47075011e-02, 6.20177835e-02, 6.89625591e-02],
        [1.07732077e-07, 1.24300232e-05, 1.02094789e-04, ...,
         5.47075011e-02, 6.20177835e-02, 6.89625591e-02],
        ...,
        [1.75755122e-05, 1.61594380e-05, 3.55183074e-05, ...,
         3.26793492e-02, 3.81518379e-02, 4.37293798e-02],
        [7.25752489e-06, 8.83855682e-06, 2.00880531e-05, ...,
         2.78828610e-02, 3.26747522e-02, 3.75727378e-02],
        [2.66488360e-06, 3.71889314e-06, 9.41675717e-06, ...,
         2.05913670e-02, 2.43357997e-02, 2.81171855e-02]],

       [[1.73961409e-04, 2.71568570e-04, 5.29498269e-04, ...,
         6.88349977e-02, 7.70063400e-02, 8.52675959e-02],
        [1.73888577e-04, 2.71619647e-04, 5.29345707e-04, ...,
         6.88349977e-02, 7.70063400e-02, 8.52675959e-02],
        [1.74018496e-04, 2.71610654e-04, 5.29328187e-04, ...,
         6.88349977e-02, 7.70063475e-02, 8.52675959e-02],
        ...,
        [2.02001229e-05, 2.42432543e-05, 4.72484644e-05, ...,
         3.57081406e-02, 4.14105058e-02, 4.73933220e-02],
        [7.50983372e-06, 1.02641870e-05, 2.32737493e-05, ...,
         2.92177051e-02, 3.41814198e-02, 3.93591076e-02],
        [2.67634891e-06, 3.95925781e-06, 1.09128696e-05, ...,
         2.13879235e-02, 2.51675919e-02, 2.89808363e-02]]]), array([[[8.22603720e-24, 2.64254215e-16, 6.25949759e-14, ...,
         9.97743011e-03, 1.37446290e-02, 1.82555933e-02],
        [6.83576058e-24, 6.43799832e-16, 1.42159328e-13, ...,
         9.97745991e-03, 1.37446290e-02, 1.82556398e-02],
        [1.90183636e-23, 1.72560210e-15, 3.39233687e-13, ...,
         9.97745991e-03, 1.37446653e-02, 1.82556584e-02],
        ...,
        [4.54652445e-17, 3.20473426e-09, 3.88004338e-07, ...,
         2.82103084e-02, 3.48118208e-02, 4.20931242e-02],
        [5.32784055e-17, 3.49775653e-09, 4.00775576e-07, ...,
         2.92957556e-02, 3.58220227e-02, 4.29799892e-02],
        [2.39827304e-17, 1.86018756e-09, 2.35811385e-07, ...,
         2.48055831e-02, 3.04670688e-02, 3.67010348e-02]],

       [[8.59328209e-23, 6.71671769e-16, 1.70889764e-13, ...,
         1.37435291e-02, 1.85743980e-02, 2.42564734e-02],
        [9.01158789e-23, 1.75476745e-15, 3.63124136e-13, ...,
         1.37435291e-02, 1.85743980e-02, 2.42564734e-02],
        [2.50828713e-22, 4.67056762e-15, 8.08939721e-13, ...,
         1.37435682e-02, 1.85743980e-02, 2.42565665e-02],
        ...,
        [4.68285077e-16, 5.78803228e-09, 6.17745911e-07, ...,
         3.31341326e-02, 4.04526591e-02, 4.85432558e-02],
        [3.40206733e-16, 5.40770628e-09, 6.32359217e-07, ...,
         3.36549394e-02, 4.09018509e-02, 4.87945154e-02],
        [1.60247953e-16, 2.97365199e-09, 3.56733551e-07, ...,
         2.81212386e-02, 3.41495536e-02, 4.07128520e-02]],

       [[7.99915106e-22, 1.46206061e-15, 4.21343082e-13, ...,
         1.74426809e-02, 2.31998209e-02, 2.99237557e-02],
        [9.28674927e-22, 3.67960853e-15, 8.20818402e-13, ...,
         1.74426809e-02, 2.31998209e-02, 2.99237557e-02],
        [2.54888476e-21, 9.70706195e-15, 1.70662161e-12, ...,
         1.74427181e-02, 2.31998209e-02, 2.99237557e-02],
        ...,
        [4.21841805e-15, 1.29281137e-08, 9.03407852e-07, ...,
         3.74137834e-02, 4.53692526e-02, 5.40519245e-02],
        [3.39745339e-15, 1.15900063e-08, 9.50270078e-07, ...,
         3.75852846e-02, 4.54365388e-02, 5.39381728e-02],
        [1.52327472e-15, 5.97413630e-09, 5.52699760e-07, ...,
         3.04617304e-02, 3.69381122e-02, 4.39800620e-02]],

       ...,

       [[5.01546715e-09, 8.51442053e-07, 1.45217055e-04, ...,
         6.06616199e-01, 6.57840967e-01, 7.04650521e-01],
        [1.33541649e-08, 9.50517517e-07, 1.45287981e-04, ...,
         6.06616199e-01, 6.57840371e-01, 7.04650521e-01],
        [3.35399228e-08, 1.20559594e-06, 1.45396421e-04, ...,
         6.06615663e-01, 6.57840371e-01, 7.04650640e-01],
        ...,
        [1.27326548e-02, 2.80881282e-02, 3.15988176e-02, ...,
         4.31598425e-01, 4.72712815e-01, 5.08914411e-01],
        [7.01052463e-03, 1.83838643e-02, 2.14098059e-02, ...,
         3.86952341e-01, 4.24646407e-01, 4.59390670e-01],
        [2.75134784e-03, 7.83515070e-03, 9.76745598e-03, ...,
         2.97889024e-01, 3.29146057e-01, 3.58030409e-01]],

       [[9.55031823e-08, 2.18796922e-04, 5.05004451e-03, ...,
         1.03760898e+00, 1.10580266e+00, 1.16546524e+00],
        [1.92397465e-07, 2.18935267e-04, 5.05035557e-03, ...,
         1.03760993e+00, 1.10580266e+00, 1.16546524e+00],
        [4.35868714e-07, 2.19521215e-04, 5.05057583e-03, ...,
         1.03760898e+00, 1.10580266e+00, 1.16546512e+00],
        ...,
        [3.35687660e-02, 4.49214727e-02, 4.52604778e-02, ...,
         5.54215908e-01, 5.98585725e-01, 6.42510533e-01],
        [1.76466908e-02, 2.53145099e-02, 2.81710904e-02, ...,
         4.82645422e-01, 5.23063958e-01, 5.59267759e-01],
        [6.84876833e-03, 1.06275296e-02, 1.31004155e-02, ...,
         3.55880708e-01, 3.88389587e-01, 4.17813569e-01]],

       [[3.53691787e-01, 5.71714222e-01, 6.36814535e-01, ...,
         2.32714748e+00, 2.38515162e+00, 2.42645788e+00],
        [3.53516638e-01, 5.71865737e-01, 6.36787057e-01, ...,
         2.32714748e+00, 2.38515162e+00, 2.42645788e+00],
        [3.53409022e-01, 5.71938157e-01, 6.36948824e-01, ...,
         2.32714748e+00, 2.38515162e+00, 2.42644882e+00],
        ...,
        [7.15046674e-02, 6.19459227e-02, 7.20747858e-02, ...,
         7.54267573e-01, 8.08465719e-01, 8.58347118e-01],
        [3.33409160e-02, 3.11299730e-02, 3.92489620e-02, ...,
         5.87710798e-01, 6.32742643e-01, 6.72387242e-01],
        [1.27004534e-02, 1.39000509e-02, 1.80451255e-02, ...,
         4.17395949e-01, 4.54794765e-01, 4.88450438e-01]]]), array([[[2.83286704e-23, 4.36505433e-16, 1.58850634e-13, ...,
         8.43574759e-03, 1.14641171e-02, 1.50572555e-02],
        [4.10485413e-23, 1.12480470e-15, 3.46380205e-13, ...,
         8.43574759e-03, 1.14642298e-02, 1.50572555e-02],
        [1.14666600e-22, 2.99871093e-15, 7.70247473e-13, ...,
         8.43577553e-03, 1.14643471e-02, 1.50572974e-02],
        ...,
        [2.49381482e-16, 3.75364761e-09, 4.37872103e-07, ...,
         3.73564474e-02, 4.45297435e-02, 5.21410219e-02],
        [1.76787052e-16, 4.83474327e-09, 4.63445616e-07, ...,
         3.90353985e-02, 4.63476665e-02, 5.40969335e-02],
        [7.64736020e-17, 2.61267652e-09, 2.76195493e-07, ...,
         3.26122642e-02, 3.89198437e-02, 4.55805548e-02]],

       [[3.03440131e-22, 2.63260783e-15, 6.77881958e-13, ...,
         1.14091141e-02, 1.51918484e-02, 1.95856337e-02],
        [5.66637602e-22, 6.77418877e-15, 1.41726247e-12, ...,
         1.14091197e-02, 1.51918614e-02, 1.95856746e-02],
        [1.56443966e-21, 1.75989137e-14, 3.08893818e-12, ...,
         1.14092724e-02, 1.51919182e-02, 1.95857342e-02],
        ...,
        [1.90692739e-15, 2.83174550e-08, 1.56939825e-06, ...,
         4.54602912e-02, 5.32292798e-02, 6.12813644e-02],
        [1.42702626e-15, 3.45946951e-08, 1.74354716e-06, ...,
         4.68958393e-02, 5.46950735e-02, 6.28093630e-02],
        [6.19014113e-16, 1.88181701e-08, 1.01345972e-06, ...,
         3.86468917e-02, 4.51400317e-02, 5.19371666e-02]],

       [[3.87835545e-21, 8.92851162e-15, 2.65281221e-12, ...,
         1.42762028e-02, 1.86779425e-02, 2.37204954e-02],
        [6.90987990e-21, 2.31801188e-14, 5.15649893e-12, ...,
         1.42762335e-02, 1.86779480e-02, 2.37204991e-02],
        [1.91428852e-20, 6.08097286e-14, 1.05041618e-11, ...,
         1.42763462e-02, 1.86779536e-02, 2.37206053e-02],
        ...,
        [2.82378440e-14, 9.22896959e-08, 4.18453419e-06, ...,
         5.52481972e-02, 6.30060509e-02, 7.09702298e-02],
        [2.21322289e-14, 8.33604545e-08, 4.10220855e-06, ...,
         5.53212166e-02, 6.30013123e-02, 7.07600638e-02],
        [9.71977846e-15, 4.18122958e-08, 2.30349247e-06, ...,
         4.41444591e-02, 5.07301539e-02, 5.74967824e-02]],

       ...,

       [[4.42321318e-11, 1.26462851e-06, 3.49466805e-04, ...,
         6.57075882e-01, 6.64296150e-01, 6.69075310e-01],
        [1.09696509e-10, 1.35359869e-06, 3.49799055e-04, ...,
         6.57075882e-01, 6.64297938e-01, 6.69075310e-01],
        [2.86095786e-10, 1.52769167e-06, 3.50402377e-04, ...,
         6.57075405e-01, 6.64297938e-01, 6.69074118e-01],
        ...,
        [1.15598348e-04, 1.40508516e-02, 6.79843575e-02, ...,
         4.81356740e-01, 4.80270207e-01, 4.78132963e-01],
        [6.27517511e-05, 1.12731336e-02, 5.95108606e-02, ...,
         4.06645358e-01, 4.08780336e-01, 4.09098834e-01],
        [2.64058708e-05, 5.93850110e-03, 3.40463854e-02, ...,
         2.95120418e-01, 2.98007309e-01, 2.99538910e-01]],

       [[1.40837242e-09, 1.59636023e-04, 9.01413988e-03, ...,
         1.43176746e+00, 1.41762531e+00, 1.38912880e+00],
        [2.71309664e-09, 1.59791933e-04, 9.01551638e-03, ...,
         1.43176603e+00, 1.41762531e+00, 1.38912880e+00],
        [5.84664939e-09, 1.60251468e-04, 9.01675131e-03, ...,
         1.43177021e+00, 1.41762507e+00, 1.38912821e+00],
        ...,
        [4.75925364e-04, 4.65386994e-02, 2.03270853e-01, ...,
         6.47931993e-01, 6.40612900e-01, 6.28390253e-01],
        [3.48357775e-04, 3.35852243e-02, 1.49622679e-01, ...,
         5.04062712e-01, 5.02208829e-01, 4.98668700e-01],
        [1.58672454e-04, 1.57708488e-02, 7.39759281e-02, ...,
         3.52353007e-01, 3.54466170e-01, 3.55467856e-01]],

       [[4.12164629e-03, 4.36685443e-01, 1.72517884e+00, ...,
         5.24589109e+00, 4.95791483e+00, 4.76785946e+00],
        [3.97447357e-03, 4.36761826e-01, 1.72614682e+00, ...,
         5.24589109e+00, 4.95791483e+00, 4.76785946e+00],
        [3.97456251e-03, 4.37032223e-01, 1.72607493e+00, ...,
         5.24589205e+00, 4.95791483e+00, 4.76785946e+00],
        ...,
        [1.33946037e-03, 1.30620584e-01, 4.60682869e-01, ...,
         9.93980825e-01, 9.73549426e-01, 9.41618681e-01],
        [6.41290913e-04, 7.40482584e-02, 2.65725672e-01, ...,
         6.36135638e-01, 6.29993677e-01, 6.21951759e-01],
        [2.51053745e-04, 3.20792124e-02, 1.21801473e-01, ...,
         3.99464101e-01, 4.02656764e-01, 4.03258026e-01]]])]