 # 0 path angle
 original name of this file: testing.drv
      1.143   0.209844        17   0.000     :Vmin dV Npts FWHM-CORRK
    0.000   0.000       : Additional codes PAR1 and PAR2
  TESTING.KLS
   24   0     1   0             : spectral model code, FLAGH2P, NCONT, FLAGC
 testing.xsc                    : Dust x-section file
   20   1   6           : number of layers, paths and gases
    1                                    : identifier for gas 1
      0   0                              : isotope ID and process parameter
    2                                    : identifier for gas 2
      0   0                              : isotope ID and process parameter
    5                                    : identifier for gas 3
      0   0                              : isotope ID and process parameter
    6                                    : identifier for gas 4
      0   0                              : isotope ID and process parameter
   40                                    : identifier for gas 5
      0   0                              : isotope ID and process parameter
   39                                    : identifier for gas 6
      0   0                              : isotope ID and process parameter
format of layer data
 layer baseH  delH   baseP      baseT   totam       pressure    temp   doppler
        absorber amounts and partial pressures
        continuum points if any
  1    0.00   99.68 0.19739E+02 2294.230 0.50862E+27 0.16191E+02 2286.031  0.0000
         0.50862E+23 0.16191E-02 0.00000E+00 0.00000E+00 0.00000E+00 0.00000E+00
 0.00000E+00 0.00000E+00 0.00000E+00 0.00000E+00 0.50857E+27 0.16190E+02
         0.00000E+00
  2   99.68   98.32 0.12030E+02 2276.414 0.30826E+27 0.97956E+01 2253.709  0.0000
         0.30826E+23 0.97956E-03 0.00000E+00 0.00000E+00 0.00000E+00 0.00000E+00
 0.00000E+00 0.00000E+00 0.00000E+00 0.00000E+00 0.30823E+27 0.97947E+01
         0.00000E+00
  3  198.00   95.37 0.73320E+01 2225.720 0.18692E+27 0.59331E+01 2185.850  0.0000
         0.18692E+23 0.59331E-03 0.00000E+00 0.00000E+00 0.00000E+00 0.00000E+00
 0.00000E+00 0.00000E+00 0.00000E+00 0.00000E+00 0.18690E+27 0.59325E+01
         0.00000E+00
  4  293.37   90.90 0.44686E+01 2136.068 0.11350E+27 0.35983E+01 2082.549  0.0000
         0.11350E+23 0.35983E-03 0.00000E+00 0.00000E+00 0.00000E+00 0.00000E+00
 0.00000E+00 0.00000E+00 0.00000E+00 0.00000E+00 0.11349E+27 0.35979E+01
         0.00000E+00
  5  384.27   85.47 0.27234E+01 2016.680 0.69017E+26 0.21850E+01 1956.123  0.0000
         0.69017E+22 0.21850E-03 0.00000E+00 0.00000E+00 0.00000E+00 0.00000E+00
 0.00000E+00 0.00000E+00 0.00000E+00 0.00000E+00 0.69011E+26 0.21848E+01
         0.00000E+00
  6  469.74   79.77 0.16598E+01 1883.612 0.42012E+26 0.13280E+01 1822.772  0.0000
         0.42012E+22 0.13280E-03 0.00000E+00 0.00000E+00 0.00000E+00 0.00000E+00
 0.00000E+00 0.00000E+00 0.00000E+00 0.00000E+00 0.42008E+26 0.13279E+01
         0.00000E+00
  7  549.51   74.38 0.10116E+01 1752.280 0.25590E+26 0.80771E+00 1696.444  0.0000
         0.25590E+22 0.80771E-04 0.00000E+00 0.00000E+00 0.00000E+00 0.00000E+00
 0.00000E+00 0.00000E+00 0.00000E+00 0.00000E+00 0.25587E+26 0.80763E+00
         0.00000E+00
  8  623.89   69.68 0.61654E+00 1634.079 0.15589E+26 0.49151E+00 1586.561  0.0000
         0.15589E+22 0.49151E-04 0.00000E+00 0.00000E+00 0.00000E+00 0.00000E+00
 0.00000E+00 0.00000E+00 0.00000E+00 0.00000E+00 0.15588E+26 0.49147E+00
         0.00000E+00
  9  693.57   65.88 0.37576E+00 1535.564 0.94976E+25 0.29925E+00 1497.773  0.0000
         0.94976E+21 0.29925E-04 0.00000E+00 0.00000E+00 0.00000E+00 0.00000E+00
 0.00000E+00 0.00000E+00 0.00000E+00 0.00000E+00 0.94966E+25 0.29922E+00
         0.00000E+00
 10  759.45   62.99 0.22901E+00 1458.824 0.57864E+25 0.18230E+00 1430.593  0.0000
         0.57864E+21 0.18230E-04 0.00000E+00 0.00000E+00 0.00000E+00 0.00000E+00
 0.00000E+00 0.00000E+00 0.00000E+00 0.00000E+00 0.57858E+25 0.18228E+00
         0.00000E+00
 11  822.44   60.91 0.13957E+00 1402.522 0.35260E+25 0.11113E+00 1382.584  0.0000
         0.35260E+21 0.11113E-04 0.00000E+00 0.00000E+00 0.00000E+00 0.00000E+00
 0.00000E+00 0.00000E+00 0.00000E+00 0.00000E+00 0.35256E+25 0.11111E+00
         0.00000E+00
 12  883.35   59.48 0.85065E-01 1363.276 0.21497E+25 0.67791E-01 1349.852  0.0000
         0.21497E+21 0.67791E-05 0.00000E+00 0.00000E+00 0.00000E+00 0.00000E+00
 0.00000E+00 0.00000E+00 0.00000E+00 0.00000E+00 0.21495E+25 0.67784E-01
         0.00000E+00
 13  942.83   58.54 0.51844E-01 1337.028 0.13114E+25 0.41383E-01 1328.321  0.0000
         0.13114E+21 0.41383E-05 0.00000E+00 0.00000E+00 0.00000E+00 0.00000E+00
 0.00000E+00 0.00000E+00 0.00000E+00 0.00000E+00 0.13113E+25 0.41379E-01
         0.00000E+00
 14 1001.37   57.93 0.31597E-01 1320.014 0.80071E+24 0.25280E-01 1314.522  0.0000
         0.80071E+20 0.25280E-05 0.00000E+00 0.00000E+00 0.00000E+00 0.00000E+00
 0.00000E+00 0.00000E+00 0.00000E+00 0.00000E+00 0.80063E+24 0.25277E-01
         0.00000E+00
 15 1059.30   57.54 0.19257E-01 1309.230 0.48924E+24 0.15453E-01 1305.835  0.0000
         0.48924E+20 0.15453E-05 0.00000E+00 0.00000E+00 0.00000E+00 0.00000E+00
 0.00000E+00 0.00000E+00 0.00000E+00 0.00000E+00 0.48919E+24 0.15452E-01
         0.00000E+00
 16 1116.85   57.30 0.11737E-01 1302.497 0.29919E+24 0.94516E-02 1300.424  0.0000
         0.29919E+20 0.94516E-06 0.00000E+00 0.00000E+00 0.00000E+00 0.00000E+00
 0.00000E+00 0.00000E+00 0.00000E+00 0.00000E+00 0.29916E+24 0.94506E-02
         0.00000E+00
 17 1174.15   57.15 0.71530E-02 1298.334 0.18308E+24 0.57836E-02 1297.081  0.0000
         0.18308E+20 0.57836E-06 0.00000E+00 0.00000E+00 0.00000E+00 0.00000E+00
 0.00000E+00 0.00000E+00 0.00000E+00 0.00000E+00 0.18306E+24 0.57830E-02
         0.00000E+00
 18 1231.29   57.05 0.43595E-02 1295.777 0.11212E+24 0.35407E-02 1295.024  0.0000
         0.11212E+20 0.35407E-06 0.00000E+00 0.00000E+00 0.00000E+00 0.00000E+00
 0.00000E+00 0.00000E+00 0.00000E+00 0.00000E+00 0.11211E+24 0.35404E-02
         0.00000E+00
 19 1288.34   56.98 0.26570E-02 1294.211 0.68713E+23 0.21686E-02 1293.761  0.0000
         0.68713E+19 0.21686E-06 0.00000E+00 0.00000E+00 0.00000E+00 0.00000E+00
 0.00000E+00 0.00000E+00 0.00000E+00 0.00000E+00 0.68706E+23 0.21683E-02
         0.00000E+00
 20 1345.33   56.93 0.16193E-02 1293.256 0.42136E+23 0.13287E-02 1292.988  0.0000
         0.42136E+19 0.13287E-06 0.00000E+00 0.00000E+00 0.00000E+00 0.00000E+00
 0.00000E+00 0.00000E+00 0.00000E+00 0.00000E+00 0.42132E+23 0.13285E-02
         0.00000E+00

np.array([5.6395, 5.4208, 5.231 , 5.0667, 4.9247, 4.8022, 4.6967, 4.6045,
       4.5219, 4.4484, 4.3807, 4.3182, 4.26  , 4.2037, 4.151 , 4.1007,
       4.0525, 4.0058, 3.9608, 3.9176])