     0.205000  2.56816e+20
     0.210000  6.13296e+20
     0.215000  7.05253e+20
     0.220000  1.13939e+21
     0.225000  2.38238e+21
     0.230000  2.83997e+21
     0.235000  3.49998e+21
     0.240000  9.01353e+21
     0.245000  1.94711e+22
     0.250000  1.45169e+22
     0.255000  4.57497e+22
     0.260000  4.89788e+22
     0.265000  1.31347e+23
     0.270000  1.20833e+23
     0.275000  1.63321e+23
     0.280000  2.05151e+23
     0.285000  1.30671e+23
     0.290000  7.19244e+23
     0.295000  6.47286e+23
     0.300000  6.83054e+23
     0.305000  9.75733e+23
     0.310000  1.90580e+24
     0.315000  3.15931e+24
     0.320000  3.10279e+24
     0.325000  5.67274e+24
     0.330000  7.57248e+24
     0.335000  6.57203e+24
     0.340000  4.38478e+24
     0.345000  5.18526e+24
     0.350000  8.63262e+24
     0.355000  1.15043e+25
     0.360000  6.16743e+24
     0.365000  1.35677e+25
     0.370000  1.06913e+25
     0.375000  5.13350e+24
     0.380000  1.17357e+25
     0.385000  7.49534e+24
     0.390000  1.12478e+25
     0.395000  1.16196e+25
array([1.21249998, 1.24749994, 1.28250003, 1.3175    , 1.35249996,
       1.38750005, 1.42250001, 1.45749998, 1.49249995, 1.52750003,
       1.5625    , 1.59749997, 1.63250005, 3.5999999 , 4.5       ])







      4.49500  4.45716e+23
      4.50000  4.42220e+23
