1.253090370249282783e-04 1.346286795863794658e-04 1.953564657613412157e-04 2.873164676572607609e-04 3.361892247938843832e-04 2.806907628473253452e-04 1.096735753005749655e-04 7.603623160044565112e-05 7.347703312456446700e-05 8.738984654828263162e-05 1.136988651836733289e-04 1.566162701243009039e-04 2.167141308954767889e-04 2.930089839402481638e-04 3.593139971412088974e-04 1.911387806674874536e-03 2.073514274272382843e-03
1.488364628216313709e-04 1.602449301162554515e-04 2.204639941220423694e-04 3.096691021474013697e-04 3.597149162742255117e-04 3.106225719598322338e-04 1.432910852078398420e-04 1.096292735640855726e-04 1.067588651337324717e-04 1.223416145058973795e-04 1.514078345565723633e-04 1.970698756653778481e-04 2.591285848389928434e-04 3.366461676349609953e-04 4.034701425915243199e-04 2.129543780433189662e-03 2.467931106133235911e-03
1.855387676093108698e-04 2.006246418829731742e-04 2.596979233212056023e-04 3.440206015678094038e-04 3.951158161791685488e-04 3.558604868540736553e-04 1.977955944546535649e-04 1.657405213847816170e-04 1.627837040620841902e-04 1.807479410736170734e-04 2.135482787774932326e-04 2.627158929906102847e-04 3.270470130244809226e-04 4.050805976686010701e-04 4.708046787514314304e-04 2.440541914475663227e-03 3.017892184112580967e-03
2.289201299830107884e-04 2.487572991515807352e-04 3.057976626655526525e-04 3.833522682858861268e-04 4.350494633785938117e-04 4.079682960382309109e-04 2.656364523012384304e-04 2.376251741132766554e-04 2.352004157681131323e-04 2.558922673445385111e-04 2.926335230953714772e-04 3.450165349149573448e-04 4.109169423021519370e-04 4.877849370282076884e-04 5.501610517136899369e-04 2.799629913499069016e-03 3.653340365163728828e-03
2.677994364426923048e-04 2.922651216427733767e-04 3.464282818791987722e-04 4.166168989815865705e-04 4.687378874580668269e-04 4.538453813976663000e-04 3.320496304079124006e-04 3.106331916293140799e-04 3.097113654395556269e-04 3.331485256050629074e-04 3.733603809072821595e-04 4.277391543074887757e-04 4.935386118781385058e-04 5.662615871021870481e-04 6.223634718836892595e-04 3.147052436780145915e-03 4.270566517002843260e-03
2.897067805089055884e-04 3.169401417403238893e-04 3.681991626113838203e-04 4.332013948314582469e-04 4.859178332346928211e-04 4.792886432899483512e-04 3.765371167379079993e-04 3.626421886549264671e-04 3.640935545557275228e-04 3.894739502520005027e-04 4.313927641749364431e-04 4.852876242664550888e-04 5.483570380554397350e-04 6.143008624267412652e-04 6.630729103605673223e-04 3.392402810424538766e-03 4.737836450135436347e-03
2.882522183351675089e-04 3.153823945451768676e-04 3.655212580127773208e-04 4.307559722290874981e-04 4.843024057015731789e-04 4.779899196042464377e-04 3.836099311338520218e-04 3.748443936865644590e-04 3.785580995963793512e-04 4.041858766955533323e-04 4.451036538976968645e-04 4.958746421837906173e-04 5.542735863975338127e-04 6.141647948116814738e-04 6.588752168070959947e-04 3.448834525247637499e-03 4.918058976275801845e-03
2.629726041752983756e-04 2.872762039649044740e-04 3.386922404496799988e-04 4.094598371487136700e-04 4.633478361731400812e-04 4.489516912509559487e-04 3.486617702076161111e-04 3.403037727873936178e-04 3.450589627275952101e-04 3.688639014516603698e-04 4.062362461840880127e-04 4.526449908006205153e-04 5.069741486735905708e-04 5.651768263483122846e-04 6.110898813179428766e-04 3.276745118595762729e-03 4.712534272841211423e-03
2.211231876226008497e-04 2.409073402760741390e-04 2.951165701462364274e-04 3.740861773257136112e-04 4.274845394366892756e-04 3.998567969407228065e-04 2.835671056512510169e-04 2.716494827548610437e-04 2.761122343919355094e-04 2.967931870147389297e-04 3.294265524586245425e-04 3.717019085885337262e-04 4.237440607512004439e-04 4.837731873373020343e-04 5.339512743528494233e-04 2.932469572973200617e-03 4.173136706877184424e-03
1.747816931246783860e-04 1.897783128383320739e-04 2.469900314713265130e-04 3.338832370564665669e-04 3.860160604970501170e-04 3.443658783537374680e-04 2.092585787579569862e-04 1.920255510518486478e-04 1.953881580335036351e-04 2.126898417796461874e-04 2.407041313179532609e-04 2.798018806561558417e-04 3.311849494907515316e-04 3.945204158695438091e-04 4.495596668459272017e-04 2.527879278313204317e-03 3.480066802500706487e-03
1.363664687423973159e-04 1.474843290345226093e-04 2.070423819657530543e-04 2.998400576193766117e-04 3.504293430570737714e-04 2.972576451235582422e-04 1.460036146921791199e-04 1.236280347436360038e-04 1.255510392359581015e-04 1.400669054994846082e-04 1.645883777701865963e-04 2.018122173020131332e-04 2.536296605271405320e-04 3.202888865695251576e-04 3.791573806811540008e-04 2.160636975133950650e-03 2.796789995742612108e-03
1.117911258643685567e-04 1.204538471379285790e-04 1.815190265380611854e-04 2.776312866962064060e-04 3.266541393069976934e-04 2.659627014562664028e-04 1.033301652248857361e-04 7.681283016708468877e-05 7.734436297268453908e-05 8.996723332298452354e-05 1.123751962772905706e-04 1.489564587231461128e-04 2.018938507304723960e-04 2.712682910797624175e-04 3.327592151768891276e-04 1.883869909898654941e-03 2.237271979038311671e-03
1.013805081896188806e-04 1.090112430608223952e-04 1.706809231752528621e-04 2.676198167787866141e-04 3.155069557864496172e-04 2.515993596332459004e-04 8.269168769774493956e-05 5.325779593418173780e-05 5.256777784800941241e-05 6.425213378193104315e-05 8.595365767759538935e-05 1.230557214397627814e-04 1.777140349541256532e-04 2.494467794878638058e-04 3.124038368711714252e-04 1.720638321083878264e-03 1.865811998951874551e-03
1.005780746206142785e-04 1.080142918271733066e-04 1.696533214134275539e-04 2.660638999480115425e-04 3.135322815696020993e-04 2.495250409030187180e-04 7.825562171449366414e-05 4.731102595571124857e-05 4.597488166674145647e-05 5.762152704405939217e-05 7.962511887591027936e-05 1.175367465593701584e-04 1.732376077822292708e-04 2.459424541140493945e-04 3.096348176031534036e-04 1.670202646895996811e-03 1.704284496849190617e-03
1.051956251152753240e-04 1.129358786121230948e-04 1.744179285494449694e-04 2.697233719010420591e-04 3.173016187569966252e-04 2.549699981165126899e-04 8.268700598529311538e-05 5.054678846527942880e-05 4.869494218463376358e-05 6.074887877446658794e-05 8.372416990871338739e-05 1.230215411037161011e-04 1.801852408611878437e-04 2.542213018817386866e-04 3.188087146292629525e-04 1.694220276701610814e-03 1.705717393405194963e-03
